62	6248	1	1
6369	0	1	1
14202	0	1	1
0	32199	1	1
35336	36998	1	1
42487	44586	1	1
0	55497	1	1
0	60048	1	1
63672	0	1	1
66555	67418	1	1
67491	68165	1	1
98198	0	1	1
0	102916	1	1
105425	0	1	1
107705	110590	1	1
112014	112795	1	1
113496	0	1	1
0	115266	1	1
125937	127905	1	1
151848	0	1	1
0	153333	1	1
183562	184082	1	1
189738	0	1	1
0	191309	1	1
0	201644	1	1
249400	250739	1	1
272523	273336	1	1
278945	279303	1	1
287615	288006	1	1
288113	0	1	1
0	293407	1	1
293450	0	1	1
0	302117	1	1
321288	321613	1	1
330540	0	1	1
341827	342965	1	1
344424	345233	1	1
345300	346611	1	1
346660	0	1	1
0	348933	1	1
0	356665	1	1
365980	367224	1	1
367380	369287	1	1
369532	0	1	1
0	372032	1	1
0	376675	1	1
386555	0	1	1
391660	392052	1	1
399675	404467	1	1
411274	412884	1	1
417972	419484	1	1
421110	428177	1	1
432830	0	1	1
0	433907	1	1
436997	438222	1	1
0	442709	1	1
443409	0	1	1
0	460204	1	1
461038	463862	1	1
464393	465298	1	1
465646	0	1	1
0	470212	1	1
496036	0	1	1
0	500825	1	1
505079	506745	1	1
506781	507614	1	1
0	511382	1	1
0	518508	1	1
518650	520110	1	1
523745	529109	1	1
533129	533585	1	1
534079	0	1	1
535811	0	1	1
0	539750	1	1
539885	540465	1	1
0	542061	1	1
0	613056	1	1
634428	637720	1	1
683158	685287	1	1
685340	686603	1	1
690206	691884	1	1
695135	699129	1	1
702486	702952	1	1
704985	705611	1	1
708091	0	1	1
0	710191	1	1
724142	725955	1	1
726266	727890	1	1
743311	743935	1	1
749349	750820	1	1
0	784191	1	1
794964	796503	1	1
823391	0	1	1
0	826574	1	1
855340	857131	1	1
918512	920563	1	1
944378	945950	1	1
0	953012	1	1
969458	970486	1	1
979596	980120	1	1
1022198	1023940	1	1
1036808	1038285	1	1
1050097	1053853	1	1
1079681	1080845	1	1
1082545	1085012	1	1
1085995	1088732	1	1
1091169	1092570	1	1
1093181	1095939	1	1
1105256	1106052	1	1
0	1114343	1	1
1125768	1127785	1	1
0	1130182	1	1
1130451	0	1	1
0	1133836	1	1
1139431	1140580	1	1
0	1171467	1	1
1175028	0	1	1
1184544	1185971	1	1
0	1191129	1	1
0	1204145	1	1
1205140	1207154	1	1
0	1218587	1	1
1221977	0	1	1
0	1224103	1	1
1236288	1237326	1	1
0	1258527	1	1
1277079	1280186	1	1
0	1299834	1	1
1299944	1301252	1	1
1316605	1317903	1	1
1355871	0	1	1
0	1359240	1	1
1360967	0	1	1
0	1364493	1	1
1369908	1370393	1	1
1447933	1449128	1	1
1711454	0	1	1
0	1713095	1	1
1735008	1735422	1	1
0	1814333	1	1
1869036	1869343	1	1
1973826	1975299	1	1
1976368	0	1	1
0	1979164	1	1
1980018	1981580	1	1
1984399	1985667	1	1
2014851	0	1	1
0	2018875	1	1
2023336	2024326	1	1
2024419	2025067	1	1
2038955	0	1	1
0	2039927	1	1
2053771	2055166	1	1
0	2060605	1	1
2067620	2070036	1	1
2153939	2157440	1	1
2157600	2159315	1	1
2160006	2160730	1	1
0	2167213	1	1
2181193	0	1	1
0	2184974	1	1
2215542	2216273	1	1
2224367	2225900	1	1
2249922	0	1	1
0	2253021	1	1
2255024	2256156	1	1
2312199	2313581	1	1
2369777	0	1	1
0	2370895	1	1
2372301	0	1	1
2373941	2374490	1	1
0	2375474	1	1
2377115	2378460	1	1
2379269	2380401	1	1
2380509	2381226	1	1
2417269	2418231	1	1
2428614	0	1	1
2429425	2431276	1	1
2431394	0	1	1
0	2431878	1	1
2453995	2454923	1	1
0	2475414	1	1
2477513	2477887	1	1
2480162	2481473	1	1
2488258	2489904	1	1
2565007	2565391	1	1
2566291	2567497	1	1
2577910	0	1	1
2579456	0	1	1
0	2581800	1	1
2621979	2622521	1	1
0	2627141	1	1
2631040	2631832	1	1
2641557	2642554	1	1
2652846	0	1	1
0	2677268	1	1
0	2706379	1	1
2712753	0	1	1
2714780	2716173	1	1
2726170	2727469	1	1
0	2745073	1	1
2766407	2768101	1	1
2768147	0	1	1
0	2771707	1	1
0	2778841	1	1
2778877	2779358	1	1
0	2794176	1	1
0	2796229	1	1
0	2837135	1	1
2843287	0	1	1
2870220	0	1	1
0	2871287	1	1
2900097	2902837	1	1
2903013	2903819	1	1
2920166	2920518	1	1
2928995	0	1	1
2930052	2930862	1	1
2956436	0	1	1
0	2962406	1	1
2967746	2968373	1	1
2975122	0	1	1
2989307	0	1	1
2997427	0	1	1
0	3000509	1	1
3000607	0	1	1
0	3008093	1	1
3019531	0	1	1
0	3022008	1	1
3023090	0	1	1
0	3024463	1	1
0	3048629	1	1
3055654	3056341	1	1
0	3087934	1	1
3098904	0	1	1
0	3103507	1	1
3109218	0	1	1
0	3110235	1	1
3120900	0	1	1
0	3129757	1	1
0	3136780	1	1
3150351	0	1	1
0	3153223	1	1
0	3171276	1	1
3189874	0	1	1
0	3191589	1	1
3195018	0	1	1
0	3201491	1	1
0	3207273	1	1
3211052	0	1	1
0	3216912	1	1
3217906	3219236	1	1
13956	0	1	-1
0	10844	1	-1
15731	15437	1	-1
18224	17132	1	-1
37075	37022	1	-1
0	37433	1	-1
42340	0	1	-1
45173	44554	1	-1
47120	46150	1	-1
62493	60978	1	-1
63550	62608	1	-1
66490	65943	1	-1
0	68131	1	-1
105352	0	1	-1
112083	111229	1	-1
125753	123997	1	-1
0	135650	1	-1
137054	0	1	-1
0	148773	1	-1
151051	150390	1	-1
0	153290	1	-1
162736	1611534	1	-1
0	165713	1	-1
169136	0	1	-1
0	169261	1	-1
189613	188627	1	-1
0	191269	1	-1
194247	0	1	-1
0	197527	1	-1
202823	201606	1	-1
0	206643	1	-1
211962	210939	1	-1
216029	215701	1	-1
230724	0	1	-1
249111	0	1	-1
274114	273306	1	-1
278697	0	1	-1
279894	279272	1	-1
280884	0	1	-1
0	281067	1	-1
282961	0	1	-1
283749	283131	1	-1
302753	302086	1	-1
303509	302807	1	-1
330334	0	1	-1
0	336192	1	-1
340855	339687	1	-1
0	341077	1	-1
344364	343240	1	-1
0	348621	1	-1
355672	0	1	-1
0	357582	1	-1
359701	0	1	-1
373732	372001	1	-1
389212	388079	1	-1
0	392055	1	-1
0	394779	1	-1
0	398654	1	-1
399489	0	1	-1
402697	0	1	-1
0	408167	1	-1
0	408930	1	-1
411168	0	1	-1
0	419527	1	-1
430891	429308	1	-1
0	430941	1	-1
460711	0	1	-1
475274	474448	1	-1
0	475805	1	-1
0	482075	1	-1
488507	0	1	-1
493915	492898	1	-1
0	500841	1	-1
511955	511345	1	-1
534072	533616	1	-1
556097	554309	1	-1
561155	560750	1	-1
0	563023	1	-1
0	582436	1	-1
584196	0	1	-1
585242	584252	1	-1
600317	599503	1	-1
614037	613122	1	-1
634333	0	1	-1
680550	0	1	-1
707203	705582	1	-1
0	720837	1	1
723958	0	1	-1
0	750882	1	-1
752585	0	1	-1
0	752682	1	-1
0	753095	1	-1
763548	760828	1	-1
769850	0	1	-1
0	774212	1	-1
775998	0	1	-1
777302	776094	1	-1
778637	0	1	-1
788767	788540	1	-1
803214	0	1	-1
0	818237	1	-1
821253	0	1	-1
846253	844788	1	-1
848819	847064	1	-1
0	848958	1	-1
853346	0	1	-1
857694	857157	1	-1
0	858363	1	-1
859230	0	1	-1
860195	0	1	-1
865698	864307	1	-1
887968	886103	1	-1
892001	891029	1	-1
901552	0	1	-1
906440	905498	1	-1
907574	0	1	-1
957947	0	1	-1
979451	978487	1	-1
1022151	1021677	1	-1
1029532	1028245	1	-1
0	1038900	1	-1
1059739	1059160	1	-1
1061450	1060630	1	-1
1065075	1062634	1	-1
1066992	1065227	1	-1
1089124	1088792	1	-1
1102401	1101546	1	-1
1104203	1102634	1	-1
0	1148404	1	-1
0	1185803	1	-1
0	1198866	1	-1
1202225	0	1	-1
1204694	1204163	1	-1
1220442	0	1	-1
1221835	1221255	1	-1
0	1251841	1	-1
1268767	1268247	1	-1
1271999	1272499	1	-1
1303476	1303085	1	-1
1305871	1304966	1	-1
0	1306123	1	-1
1314579	1311817	1	-1
0	1319346	1	-1
1323981	1322938	1	-1
1327100	1326209	1	-1
0	1327200	1	-1
0	1328813	1	-1
1331489	1329710	1	-1
1338020	1336777	1	-1
1341004	1340241	1	-1
0	1341107	1	-1
1350321	1349506	1	-1
1373431	1372195	1	-1
1385556	0	1	-1
0	1421342	1	-1
1423690	0	1	-1
0	1432705	1	-1
1451005	1449755	1	-1
1500381	1498503	1	-1
0	1532708	1	-1
1592628	0	1	-1
0	1648320	1	-1
1658728	1657909	1	-1
0	1662556	1	-1
1665970	0	1	-1
1686812	1686134	1	-1
1687956	1686838	1	-1
0	1693508	1	-1
0	1697195	1	-1
1774588	1773016	1	-1
1776921	0	1	-1
1818200	0	1	-1
0	1965732	1	-1
0	1971642	1	-1
1973799	0	1	-1
1979639	1979200	1	-1
1999907	1999392	1	-1
2009034	2007649	1	-1
0	2009079	1	-1
2013536	2010808	1	-1
0	2025036	1	-1
2030904	0	1	-1
2032635	0	1	-1
2035334	0	1	-1
2041051	2039978	1	-1
0	2042053	1	-1
0	2115544	1	-1
2118608	2118248	1	-1
2120597	2118753	1	-1
2121307	0	1	-1
2122651	2121413	1	-1
2136569	0	1	-1
2138334	2136760	1	-1
0	2138680	1	-1
2140912	0	1	-1
0	2145485	1	-1
2147189	2146883	1	-1
0	2151071	1	-1
2151926	0	1	-1
0	2162936	1	-1
0	2168197	1	-1
2172650	2171959	1	-1
0	2187498	1	-1
2193326	0	1	-1
0	2193699	1	-1
2196674	0	1	-1
2215376	2214949	1	-1
2224017	0	1	-1
0	2265804	1	-1
2269895	0	1	-1
0	2273015	1	-1
2275129	0	1	-1
2278081	2276992	1	-1
2354229	0	1	-1
2358995	0	1	-1
0	2359130	1	-1
0	2361869	1	-1