0	0	0	0	0	0	1	1	1	1	1	1	1	1	1	1	1	1	1	1	1	1	1	1	1	1	1	1	1	1	1	1	1	1	1	0	0	0	0	0	0	0	0	0	0	0	0	0	0	0	0	2	3	4	4	4	4	4	6	6	6	6	6	8	11	13	13	14	14	17	18	18	17	18	18	17	17	17	18	18	17	17	16	16	16	16	15	14	13	14	17	16	16	14	13	11	10	10	11	11
0	0	0	0	0	0	0	1	1	1	1	1	1	1	1	1	1	1	1	1	1	1	1	1	1	1	1	0	0	0	0	0	0	0	0	0	0	0	0	0	1	1	1	1	1	1	1	1	2	2	4	9	10	10	11	12	12	13	13	13	13	14	16	16	16	16	15	17	17	17	17	16	16	17	16	15	14	14	12	12	11	11	11	11	11	11	12	14	12	9	6	6	6	6	6	8	8	7	7	7
2	2	3	3	2	2	2	2	2	2	2	2	2	2	2	2	2	2	2	2	2	2	2	2	2	2	2	2	2	2	1	1	1	1	1	0	0	0	0	0	0	1	1	1	1	1	1	1	1	1	2	18	45	45	48	53	57	57	58	58	59	59	60	63	65	68	68	69	71	70	70	71	72	71	67	66	66	67	66	64	61	58	54	56	53	45	45	46	43	40	35	35	34	37	38	38	38	38	39	42
1	1	1	1	1	1	1	1	1	1	1	1	1	1	1	1	0	0	0	0	0	0	0	0	0	0	0	0	0	0	0	0	0	0	0	0	0	0	0	0	0	0	0	0	0	0	0	0	1	1	1	19	96	105	105	109	114	118	122	125	130	132	136	138	143	148	152	154	157	160	160	159	159	153	157	151	150	147	139	138	129	124	117	114	113	107	96	96	95	95	94	98	98	99	103	102	98	95	94	90
0	0	0	0	0	0	0	0	0	0	0	0	0	0	0	0	0	0	0	0	0	0	0	0	0	0	0	0	0	0	0	0	0	0	0	0	0	0	0	0	0	0	0	0	0	0	0	0	0	0	1	8	8	8	10	10	10	10	10	10	10	10	10	10	10	10	10	10	10	9	9	7	4	5	5	4	4	4	4	4	4	3	3	3	3	3	2	2	2	2	2	2	1	1	2	1	2	2	2	2
1	1	1	1	0	0	0	0	0	0	0	0	0	0	0	0	0	0	0	0	0	0	0	0	0	0	0	0	0	0	0	0	0	0	0	0	0	0	0	0	0	0	0	0	0	0	0	0	0	0	2	11	11	12	14	14	14	14	15	15	16	19	21	21	21	21	21	20	21	21	19	19	18	18	18	17	15	14	14	13	13	12	13	16	15	17	17	18	19	20	20	20	21	20	20	21	22	23	23	24
0	0	0	0	0	0	0	0	0	0	0	0	0	0	0	0	0	0	0	0	0	0	0	0	0	0	0	0	0	0	0	0	0	0	0	0	0	0	0	0	0	0	0	0	0	0	0	0	0	0	0	1	1	1	1	1	1	1	1	1	1	1	2	2	3	3	3	4	4	4	4	4	5	5	4	4	4	4	6	5	5	5	5	5	5	5	4	4	5	5	5	4	5	5	5	5	5	5	5	5
0	0	0	0	0	0	0	1	1	1	1	1	1	1	2	2	2	2	2	2	2	2	3	3	3	3	3	3	3	3	4	3	3	3	3	3	3	3	3	3	1	1	1	1	1	1	1	1	1	0	2	28	31	32	35	35	36	36	40	41	47	50	53	58	63	64	64	64	67	69	69	70	70	69	69	69	69	69	67	59	55	51	53	57	55	52	50	50	51	48	47	46	45	46	45	47	51	53	51	53
1	1	1	1	1	1	1	1	1	1	1	1	1	1	0	0	0	0	0	0	0	0	0	0	0	0	0	0	0	0	0	0	0	0	0	0	0	0	0	0	0	0	0	0	0	0	0	0	1	1	3	13	15	16	17	18	18	18	19	20	22	23	25	25	25	25	25	26	27	26	27	24	22	23	21	21	21	21	20	20	20	19	20	20	19	19	18	17	17	17	16	17	16	15	14	16	15	14	15	15
0	0	0	0	0	0	0	0	0	0	0	0	0	0	0	0	0	0	0	0	0	0	0	0	0	0	0	0	0	0	0	0	0	0	0	0	0	0	0	0	0	0	0	0	0	1	1	1	1	1	1	5	6	10	10	10	11	11	11	11	11	11	13	13	13	13	13	13	13	17	19	19	18	19	18	17	18	17	17	15	15	15	17	17	17	16	16	15	14	15	15	15	17	17	17	15	16	16	17	17
2	1	1	1	1	1	1	1	1	1	1	1	1	1	1	1	1	1	1	1	2	2	2	2	2	2	2	2	2	3	3	4	4	5	5	6	6	6	6	6	6	6	6	6	6	5	5	5	5	5	5	14	16	18	17	18	19	19	21	22	22	23	24	24	25	26	27	28	29	29	29	29	29	29	25	24	25	24	24	22	20	20	24	26	25	24	22	22	21	22	20	21	20	19	19	18	17	18	17	16
0	0	0	0	0	0	0	0	0	0	0	0	0	0	0	0	0	0	0	0	0	0	0	0	0	0	0	0	0	0	0	0	0	0	0	0	0	0	0	0	0	0	0	0	0	0	0	0	0	0	0	22	26	28	29	30	30	32	33	36	37	38	39	39	40	43	43	43	44	45	46	45	41	41	39	38	32	31	31	32	31	29	30	30	33	32	34	37	37	38	40	40	40	42	43	43	39	41	41	39
2	2	2	2	2	2	2	2	2	2	2	2	2	2	2	2	1	1	1	1	1	1	1	1	1	1	1	1	1	1	1	1	1	1	1	1	1	1	1	1	0	0	0	0	0	0	0	0	0	0	0	4	4	5	5	5	5	5	5	5	5	5	6	6	6	6	6	6	6	6	6	6	5	5	4	5	5	4	4	4	5	5	4	4	4	6	6	6	6	5	6	6	6	5	6	5	5	5	5	4
1	1	0	0	0	0	0	0	0	0	0	0	0	0	0	0	0	0	0	0	0	0	0	0	0	0	0	0	0	0	0	0	1	1	1	1	1	1	1	1	1	1	4	4	4	4	5	5	5	5	6	24	25	27	32	36	38	38	43	44	62	65	68	71	75	76	82	84	91	97	96	97	96	98	99	99	97	100	103	104	104	103	95	90	89	89	90	96	99	99	102	103	107	111	109	108	108	107	104	102
0	0	0	0	0	0	0	0	0	0	0	0	0	0	0	0	0	0	0	0	0	0	0	0	0	0	0	0	0	0	0	0	0	0	0	0	0	0	0	0	0	0	0	0	0	0	0	0	0	0	2	7	7	7	7	8	8	8	8	8	8	8	8	9	9	11	12	13	12	11	11	10	10	10	10	10	11	10	9	10	10	10	10	10	12	11	10	8	8	7	7	7	7	7	7	7	6	6	5	5
1	1	1	1	1	1	1	1	0	0	0	0	0	0	0	0	0	0	0	0	0	0	0	0	0	0	0	0	0	0	0	0	0	0	0	0	0	0	0	0	0	0	0	0	0	0	0	0	0	1	1	3	4	6	6	6	6	6	6	7	7	7	7	7	7	7	7	7	7	8	9	8	8	8	7	7	7	7	4	4	4	4	4	5	5	5	5	5	5	5	5	5	5	6	5	5	3	4	4	4
0	0	0	0	0	0	0	0	0	0	0	0	0	0	0	0	0	0	0	0	0	0	0	0	0	0	0	0	0	0	0	0	0	0	0	0	0	0	0	0	0	0	0	0	0	0	0	0	0	0	0	5	6	11	12	13	13	16	18	18	19	21	22	22	22	23	24	24	27	27	29	31	30	27	29	27	30	29	29	29	32	32	32	33	33	35	35	35	34	36	34	34	33	31	30	31	29	28	27	27
0	1	1	1	2	2	2	2	2	2	2	2	2	2	2	2	2	2	1	1	1	1	1	1	1	1	1	1	1	1	1	1	1	1	1	1	1	0	0	0	0	1	1	1	1	1	1	1	1	1	1	8	8	9	12	17	17	17	17	17	17	17	19	19	20	20	23	24	25	26	28	28	27	26	27	27	27	29	28	28	28	28	29	29	27	27	23	24	22	15	14	15	14	14	14	11	11	11	11	11
1	1	1	1	1	0	0	0	0	0	0	0	0	0	0	0	0	0	0	0	0	0	0	0	0	0	0	0	0	0	0	0	0	0	0	0	0	0	0	0	0	0	0	0	0	0	0	0	0	0	0	4	4	8	8	8	8	8	8	9	9	10	10	10	11	11	11	11	11	11	12	12	10	10	8	8	6	6	6	5	5	3	3	3	3	3	4	4	4	3	3	4	6	6	6	6	6	6	6	6
0	0	0	0	0	0	0	0	0	0	0	0	0	0	1	1	1	1	1	1	1	1	1	1	1	1	1	1	1	1	1	1	1	1	1	0	0	0	0	0	0	0	0	0	0	0	0	0	0	0	0	22	27	30	33	34	38	39	46	46	49	49	50	53	54	55	55	55	57	56	57	56	55	55	47	45	45	46	45	44	43	40	37	34	28	28	27	26	25	25	17	18	16	16	17	18	18	19	23	23
0	0	0	0	0	0	0	0	0	0	0	0	0	0	0	0	0	0	0	0	0	0	0	0	0	0	0	0	0	0	0	0	0	0	0	0	0	0	0	0	0	0	0	0	0	0	0	0	4	18	147	452	747	840	869	897	932	979	1021	1072	1112	1127	1144	1160	1189	1232	1236	1268	1305	1309	1316	1340	1330	1293	1284	1256	1227	1206	1175	1141	1123	1086	1075	1050	1044	1016	980	952	903	844	818	734	646	609	555	537	540	521	522	524
20	23	25	25	25	25	25	23	22	21	21	22	24	23	22	22	22	23	24	24	23	21	19	18	15	18	19	19	20	20	20	17	16	16	16	15	17	16	17	19	21	23	26	26	28	27	26	25	22	24	37	1135	1166	1204	1253	1272	1382	1418	1472	1529	1573	1605	1643	1689	1721	1789	1847	1885	2008	2015	2056	2125	2176	2151	2084	2129	2132	2046	2012	1987	1974	1961	1957	1953	1924	1922	1886	1853	1858	1832	1806	1749	1677	1653	1644	1610	1579	1561	1576	1575
2295	2237	2192	2146	2069	1960	1854	1796	1664	514	358	307	293	279	274	273	269	259	263	260	259	257	267	275	267	288	292	296	299	300	289	287	296	299	295	289	291	293	292	288	278	273	262	251	255	249	232	232	228	233	249	780	828	903	1029	1066	1107	1164	1263	1343	1412	1459	1510	1550	1604	1666	1742	1767	1785	1807	1801	1786	1769	1743	1729	1692	1698	1718	1673	1644	1626	1593	1561	1539	1500	1415	1309	1217	1155	1132	1105	1062	1088	1035	1017	1059	1085	1142	1265	1282
1	1	1	1	1	1	1	1	1	1	1	1	1	1	1	1	0	0	0	0	0	0	0	0	0	0	0	0	0	0	0	0	0	0	0	0	0	1	1	1	1	1	1	1	1	1	1	1	1	1	4	27	27	27	27	28	28	29	29	30	34	34	34	34	34	34	36	40	44	46	47	47	46	45	42	42	41	41	39	39	38	38	36	38	33	33	33	31	30	30	28	25	22	20	19	17	16	19	19	19
0	0	0	0	0	1	1	1	1	1	1	1	1	1	1	1	1	1	1	0	0	0	0	0	0	0	0	0	0	0	0	0	0	0	0	0	0	0	0	0	0	0	0	0	0	0	0	0	0	0	0	16	16	16	19	22	22	23	25	25	27	27	27	28	28	29	30	31	31	32	32	31	33	30	31	28	28	27	26	23	20	20	20	19	19	18	17	17	16	16	13	13	13	11	12	14	14	13	14	13
0	0	0	0	0	0	0	0	0	0	0	0	0	0	0	0	0	0	0	0	0	0	0	0	0	0	0	0	0	0	0	0	0	0	0	0	0	0	0	0	0	0	0	0	0	0	0	0	0	0	0	9	9	9	9	9	9	9	9	9	9	9	10	10	10	10	11	11	11	9	8	7	6	6	6	6	6	4	4	4	4	4	4	4	4	4	4	4	4	4	4	4	4	4	5	7	7	7	6	6
1	1	1	1	1	1	1	2	2	2	2	2	2	2	2	2	2	2	2	1	1	1	1	1	1	1	1	1	1	1	0	0	0	0	0	0	0	1	1	1	1	2	2	2	2	2	2	2	2	2	5	238	251	274	286	291	302	314	322	330	330	331	336	341	346	354	368	367	373	363	358	356	343	335	323	302	294	286	275	247	198	187	167	143	134	130	129	123	118	119	200	231	247	286	301	309	312	318	331	335
4	4	4	3	3	1	1	1	1	1	2	2	2	2	2	3	3	3	4	5	5	5	5	7	7	8	8	8	8	8	8	8	8	7	7	7	7	7	7	6	6	6	6	6	5	5	4	3	2	2	1	11	11	11	12	12	12	12	13	13	15	15	15	15	17	17	17	17	17	17	17	16	14	14	13	14	14	14	14	14	12	11	11	10	9	9	9	9	8	9	10	10	10	11	12	13	13	12	12	12
34	31	30	4	0	0	0	0	0	0	0	0	0	0	0	0	0	0	0	0	0	0	0	0	0	0	0	0	0	0	0	0	0	0	0	0	0	0	0	0	0	0	0	0	0	0	0	0	0	0	0	4	4	4	4	4	4	4	4	4	4	4	4	4	4	4	4	4	4	4	4	4	6	5	5	5	5	5	5	4	4	4	4	4	4	4	4	5	4	5	5	5	5	5	7	7	6	6	6	6
0	0	0	0	0	0	0	0	0	0	0	0	0	0	0	0	0	0	0	0	0	0	0	0	0	0	0	0	0	0	0	0	0	0	0	0	0	0	0	0	0	0	0	0	0	0	0	0	1	3	9	23	24	25	27	27	29	30	30	34	37	39	44	47	47	48	49	49	47	47	47	47	45	42	38	39	39	36	32	31	30	28	26	25	27	26	25	26	26	31	34	33	35	36	37	36	34	36	33	34
2	2	2	2	2	2	1	1	1	1	0	0	0	0	0	0	0	0	0	0	0	0	0	1	1	1	1	1	1	1	1	1	1	1	1	1	1	1	1	1	1	1	1	2	2	2	2	2	2	2	2	9	9	10	11	12	12	13	12	13	13	13	13	13	13	13	13	12	12	13	12	12	10	10	9	8	8	8	8	7	7	6	6	6	6	6	6	6	5	5	5	5	5	5	5	5	5	6	6	5
0	0	0	0	0	0	0	0	0	0	0	0	0	0	0	0	0	0	0	0	0	0	0	0	0	0	0	0	0	0	0	0	0	0	0	0	0	0	0	0	0	0	0	0	0	0	0	0	0	0	0	2	2	2	2	2	2	2	2	2	2	2	2	2	3	3	3	3	3	4	4	4	4	3	3	3	2	2	2	3	4	4	4	4	4	6	7	7	7	7	5	5	6	6	6	6	7	7	7	7
0	0	0	0	0	0	0	0	0	0	0	0	0	0	0	0	0	0	0	0	0	0	0	0	0	0	0	0	0	0	0	0	0	0	0	0	0	0	0	0	0	0	0	0	0	0	0	0	0	0	0	6	6	6	6	6	6	6	6	6	15	17	17	17	18	12	13	13	13	15	15	15	15	15	15	15	17	17	17	17	18	17	17	17	18	18	16	14	15	14	13	11	11	11	11	11	10	10	10	10
0	0	0	0	0	0	0	0	0	0	0	0	0	0	0	0	0	0	0	1	1	1	1	1	1	1	1	1	1	1	1	1	1	1	1	1	1	1	1	1	1	1	1	1	0	0	0	0	0	1	1	14	14	14	14	14	14	15	16	16	16	16	16	17	20	21	21	22	20	20	22	22	20	20	20	20	20	17	16	15	14	13	11	11	12	12	12	9	8	6	6	7	7	7	7	7	8	9	9	8
10	12	12	12	10	10	10	10	10	10	10	11	9	9	9	10	11	11	11	12	13	12	13	13	12	12	15	17	17	19	20	22	23	23	24	23	22	23	23	23	22	22	22	22	22	22	25	24	24	22	22	21	20	23	21	19	19	19	19	19	18	18	17	15	16	16	16	16	17	16	16	16	18	19	19	20	18	18	18	17	18	18	17	17	16	17	12	12	13	13	13	13	13	13	13	14	13	13	13	12
1	1	1	1	1	1	1	1	1	1	1	1	0	0	0	0	0	0	0	0	0	0	0	0	0	0	0	0	0	0	0	0	0	0	0	0	0	0	0	0	0	0	0	0	0	0	0	0	0	0	1	10	10	10	11	12	14	16	16	16	18	18	18	18	18	19	19	19	20	23	25	25	26	27	27	26	28	27	28	28	27	27	27	25	24	24	26	25	24	25	23	24	23	22	22	24	27	28	28	28
0	0	0	0	0	0	0	0	0	0	0	0	0	0	1	1	1	1	1	1	1	1	2	2	2	2	2	2	2	2	2	2	2	1	1	1	1	1	2	2	2	2	2	2	2	2	2	2	2	2	2	14	15	14	13	13	13	14	17	17	20	20	20	20	21	21	21	23	23	24	23	22	22	20	19	20	19	19	16	16	16	15	13	10	10	10	11	10	11	11	10	7	7	10	10	10	10	10	10	11
0	0	0	0	0	0	0	0	0	0	0	0	0	0	0	0	0	0	0	0	0	0	1	1	1	1	1	1	1	1	1	1	1	1	1	1	1	1	1	2	2	2	2	1	1	1	1	1	1	1	2	12	15	15	17	17	17	17	19	19	19	19	18	18	18	18	18	20	22	22	21	19	20	22	24	22	22	22	20	19	19	20	21	21	19	19	19	20	20	21	21	22	23	20	18	18	19	18	18	19
4	4	4	4	4	3	3	3	3	3	2	1	1	1	1	1	1	1	1	1	2	2	2	2	2	2	1	1	1	1	1	1	1	1	1	1	1	1	0	0	0	0	0	1	1	1	1	2	3	8	32	638	717	771	800	873	934	976	1035	1102	1118	1193	1252	1338	1360	1391	1455	1479	1494	1512	1505	1495	1441	1409	1390	1324	1284	1291	1250	1231	1216	1194	1180	1157	1121	1090	1121	1089	1072	1041	1024	1022	1000	999	1005	1035	1020	1016	1013	1011
35	36	36	39	37	35	39	38	38	36	37	38	37	38	36	36	38	38	36	38	38	39	37	37	39	39	40	39	38	38	37	39	48	48	52	53	56	57	58	59	60	62	58	61	71	84	90	89	96	105	122	156	161	163	173	175	184	186	184	185	183	176	175	175	173	173	169	172	171	166	169	169	159	156	152	149	143	133	120	112	108	110	105	102	94	84	82	61	42	45	46	48	50	51	52	58	58	59	59	60
8	8	8	9	9	11	11	11	11	9	9	9	8	8	8	8	8	8	7	7	6	6	6	4	4	3	3	3	3	3	3	3	3	3	2	3	3	3	3	3	3	3	3	3	3	3	2	2	2	2	3	7	8	9	10	10	11	11	10	11	12	12	12	12	12	13	15	15	14	14	14	15	14	14	13	13	13	12	12	12	14	13	13	11	11	8	8	7	6	6	7	7	8	8	8	9	8	8	6	7
0	1	1	1	1	1	1	1	1	1	1	1	1	1	1	1	1	1	1	1	1	1	1	1	1	1	1	0	0	0	0	0	0	0	0	0	0	0	0	0	0	0	0	0	0	0	0	0	0	0	0	8	8	8	11	11	12	12	12	12	12	12	12	13	13	13	13	13	13	12	11	11	10	10	9	9	7	7	6	5	4	4	4	3	2	2	2	2	2	2	3	3	2	2	2	2	2	2	2	2
0	0	0	0	0	0	0	0	0	0	0	0	0	0	0	0	0	0	0	0	0	0	0	0	0	0	0	0	0	0	0	0	0	0	0	0	0	0	0	0	0	0	0	0	0	0	0	0	0	0	0	15	16	16	16	16	18	18	19	19	20	21	21	21	22	22	22	23	22	20	22	22	22	24	25	22	21	21	22	24	23	23	23	23	22	21	22	22	20	20	19	17	14	13	13	13	15	15	15	15
0	1	1	1	1	1	1	1	2	2	2	2	2	2	2	2	2	2	2	2	2	2	2	2	2	2	1	1	2	2	2	2	2	2	2	1	1	1	1	1	1	1	1	1	1	1	1	1	1	1	3	62	66	74	81	83	84	86	87	95	96	97	101	101	101	101	102	103	103	101	104	102	96	99	94	90	90	84	85	88	83	89	88	96	105	103	106	110	111	114	116	119	119	118	116	109	110	109	110	108
395	417	424	432	433	437	438	434	430	419	398	390	386	380	366	339	310	284	227	211	185	161	79	52	26	21	16	15	14	13	12	12	12	12	12	12	12	12	12	9	9	10	11	9	9	8	9	10	8	8	8	14	13	16	17	18	20	19	23	23	26	28	28	28	30	32	34	33	33	33	32	31	32	29	28	27	28	26	25	25	25	23	23	21	19	17	23	21	21	21	21	22	23	23	21	20	21	21	22	21
0	0	0	0	0	0	0	0	0	0	0	0	0	0	0	0	0	0	0	0	0	0	0	0	0	0	0	0	0	0	0	0	0	0	0	0	0	0	0	0	0	0	0	0	0	0	0	0	0	0	0	36	40	42	42	43	43	46	47	51	54	55	55	57	58	60	60	60	60	59	58	56	57	56	54	53	54	52	51	50	48	48	47	49	47	45	44	45	45	45	46	45	47	46	47	50	49	49	49	50
97	97	96	95	87	83	78	77	69	66	61	54	51	48	40	37	3	0	0	0	0	0	0	0	0	0	0	0	0	1	1	1	2	2	2	2	2	2	2	3	3	3	4	4	4	4	4	3	3	4	4	7	7	7	7	7	7	7	8	8	8	8	9	8	8	10	10	9	11	10	10	10	9	9	8	8	8	8	8	7	7	7	7	6	6	6	6	7	6	5	5	5	6	6	6	7	8	11	12	13
0	0	0	0	0	0	0	0	0	0	0	0	0	0	0	0	0	0	0	0	0	0	0	0	0	0	0	0	0	0	0	0	1	1	1	1	1	1	1	1	1	1	1	1	1	1	1	1	1	1	2	6	8	8	9	9	9	9	9	10	10	12	12	12	11	11	11	11	11	11	11	11	10	9	8	8	7	8	2	2	3	3	3	3	3	3	2	2	3	3	3	3	4	4	6	6	6	8	8	8
4	4	4	4	4	4	4	3	3	3	3	3	3	3	3	4	3	2	2	2	2	2	2	1	1	1	2	2	2	2	2	2	2	2	2	2	1	1	1	1	1	1	1	1	1	1	1	1	1	1	1	5	6	9	9	9	9	9	10	12	14	15	16	16	16	20	21	22	22	23	24	23	23	23	23	24	24	24	28	28	32	32	32	34	34	32	32	29	28	29	29	28	28	30	29	29	30	29	27	25
2	2	3	3	3	3	3	3	3	3	5	5	5	5	5	5	5	5	5	5	5	5	6	6	7	6	6	6	4	4	4	4	4	4	4	3	3	3	4	4	4	4	3	4	4	4	4	5	5	6	6	13	13	13	15	15	15	15	15	15	15	15	16	16	16	17	13	9	7	7	7	7	5	5	7	7	7	7	7	7	7	8	7	9	9	9	9	10	10	10	12	17	17	18	18	18	18	19	19	19
0	0	0	0	0	0	0	0	0	0	0	0	0	0	0	0	0	0	0	0	0	0	0	0	0	0	0	0	0	0	0	0	0	0	0	0	0	0	0	0	0	0	0	0	0	0	0	0	0	0	0	3	3	3	4	4	4	4	4	4	5	5	5	7	9	9	9	9	9	9	8	7	7	7	7	7	7	8	7	7	6	6	5	5	4	3	3	3	3	3	3	3	4	4	3	4	4	4	4	4
7	7	6	6	6	6	6	5	5	4	5	5	4	4	4	4	4	3	3	3	3	3	3	2	2	2	2	3	3	2	2	2	2	1	1	1	2	3	3	3	3	3	3	3	3	3	3	3	4	4	3	10	17	20	20	21	23	23	23	24	26	26	29	29	29	29	30	31	33	35	38	39	39	39	41	39	39	38	38	37	37	36	38	35	31	32	29	27	26	27	24	26	24	23	21	22	23	26	26	27
9	9	8	8	8	7	7	7	7	7	7	7	8	9	9	9	11	11	9	10	10	10	10	10	10	11	11	11	11	11	9	9	10	10	10	8	6	4	4	3	4	4	4	4	5	4	5	5	8	8	8	13	13	13	13	15	17	18	18	18	18	18	17	17	18	18	18	18	19	19	18	18	17	16	15	12	11	11	11	11	10	11	11	9	8	8	9	11	12	11	9	9	13	13	15	15	16	16	16	16
0	0	0	0	0	0	0	0	0	0	0	0	0	0	0	0	0	0	0	0	0	0	0	0	0	0	0	0	0	0	0	0	0	0	0	0	0	0	0	0	0	0	0	0	0	0	0	0	0	3	3	21	23	24	24	24	26	29	29	30	33	35	36	49	50	53	57	60	65	70	71	69	73	71	70	70	69	68	69	67	66	70	65	65	64	62	62	62	61	59	56	53	56	57	61	59	61	69	69	68
0	0	0	0	0	0	0	0	0	0	0	0	0	0	0	0	0	0	0	0	0	0	0	0	0	0	0	0	0	0	0	0	0	0	0	0	0	0	0	0	0	0	0	0	0	0	0	0	0	0	3	17	18	21	23	23	23	23	23	24	24	25	25	26	27	29	33	34	35	36	37	36	35	36	37	35	32	38	38	41	42	41	42	44	43	45	46	46	42	42	41	42	42	40	38	38	35	36	34	33
2	2	2	2	1	1	1	1	1	1	1	1	1	0	0	0	0	0	0	0	0	0	1	2	2	2	2	2	2	2	2	2	2	2	2	2	2	2	2	2	2	2	3	3	3	2	2	2	2	1	1	5	5	5	6	6	7	7	7	12	18	18	18	21	21	22	23	24	24	24	25	26	28	30	30	30	30	28	29	28	28	27	27	28	27	24	24	22	19	17	18	18	19	21	19	22	20	20	21	21
0	0	0	0	0	0	0	0	0	0	0	0	0	0	0	0	0	0	0	0	0	0	0	0	0	0	0	0	0	0	0	0	0	0	0	0	0	0	0	0	0	0	0	0	0	0	0	0	0	0	0	2	2	2	2	2	3	3	4	4	4	4	4	4	4	4	4	5	6	6	6	6	7	7	8	8	8	7	8	8	9	9	8	8	7	8	8	8	8	8	8	6	6	6	6	4	4	4	4	4
1	1	1	1	1	1	1	1	1	1	2	2	2	2	2	2	2	2	2	2	2	2	2	2	2	2	2	3	3	3	2	2	1	1	1	1	1	1	1	1	1	1	1	1	1	1	1	1	1	1	1	6	6	6	9	10	10	12	13	18	20	22	23	25	26	27	28	33	37	40	40	40	45	48	48	50	53	53	53	55	55	52	51	56	56	54	53	52	50	50	48	48	47	43	43	45	51	51	44	43
0	0	0	0	0	0	1	1	1	1	1	1	1	1	1	1	1	1	1	1	1	1	1	1	1	1	1	1	1	1	1	1	1	1	0	0	0	0	0	0	0	0	0	0	0	0	0	0	0	0	0	5	8	15	15	15	15	16	19	19	20	21	21	21	21	21	22	22	22	22	22	22	22	21	21	21	19	17	16	15	13	14	14	13	14	12	13	15	15	13	13	12	10	11	10	8	9	9	13	17
0	0	0	0	0	0	0	0	0	0	0	0	0	0	0	0	0	0	0	0	0	0	0	0	0	0	0	0	0	0	0	0	0	0	0	0	0	0	0	0	0	0	0	0	0	0	0	0	0	1	2	15	15	15	15	15	17	18	18	19	19	20	21	21	23	24	24	25	27	27	27	27	29	29	29	29	27	33	33	32	40	39	40	39	40	37	36	34	36	35	36	36	37	36	36	36	36	35	34	33
0	1	1	1	1	1	1	1	1	1	1	1	1	1	1	1	1	1	1	1	1	1	1	1	1	1	1	0	0	0	0	0	0	0	0	0	0	0	0	0	0	0	0	0	0	0	0	0	0	0	0	4	4	5	6	6	6	7	7	10	11	11	11	14	17	19	21	22	22	22	25	28	30	31	32	33	35	39	39	40	41	42	43	46	46	44	44	44	44	43	43	43	44	42	41	42	38	35	34	34
0	0	0	0	0	0	0	0	0	0	0	0	0	0	0	0	0	0	0	0	0	0	0	0	0	0	0	0	0	0	0	0	0	0	0	0	0	0	0	0	0	0	0	0	0	0	0	0	0	0	0	3	3	3	3	3	3	3	3	3	3	3	3	3	3	3	3	3	3	4	4	4	2	1	1	1	1	1	1	1	1	1	1	1	1	1	1	1	0	0	0	0	0	0	0	0	0	0	0	0
5	5	5	6	6	6	6	6	5	5	5	5	5	3	3	3	3	1	1	1	2	2	2	2	1	1	1	1	1	1	1	1	1	1	1	1	1	1	1	1	1	1	0	0	0	0	0	0	0	0	0	10	10	12	15	17	20	20	20	22	22	22	22	22	22	22	22	22	23	23	22	22	21	18	19	17	15	14	13	14	14	15	15	15	18	19	19	20	19	22	23	24	26	26	27	29	29	29	29	28
0	0	0	0	0	0	0	0	0	0	0	0	0	0	0	0	0	0	0	0	0	0	0	0	0	0	0	0	0	0	0	0	0	0	0	0	0	0	0	0	0	0	0	0	0	0	0	0	0	0	0	2	3	3	3	3	3	3	3	3	3	3	3	3	3	3	3	3	3	4	3	2	2	4	4	4	4	5	5	5	5	6	6	6	6	6	10	10	10	11	11	11	11	12	13	16	17	18	18	18
9	7	6	6	5	4	4	5	5	6	7	6	5	6	6	5	4	4	5	6	6	6	6	6	6	6	6	6	6	6	5	5	8	8	7	7	9	9	9	10	10	10	12	12	12	12	12	12	11	11	12	41	43	44	44	43	43	43	45	45	44	47	48	47	47	48	51	50	54	57	57	53	50	49	48	46	45	45	46	44	42	42	39	39	40	35	33	29	26	15	15	16	15	16	18	18	17	15	15	15
0	0	0	1	1	1	1	1	1	1	1	1	1	1	1	1	1	1	1	1	1	0	0	0	0	0	0	0	0	0	0	0	0	0	0	0	0	0	0	0	0	0	0	0	0	0	0	0	0	0	0	19	20	23	26	29	29	29	31	34	41	50	50	50	54	56	58	61	61	60	61	61	59	60	61	62	60	59	62	59	57	55	55	53	52	51	47	44	45	41	40	39	38	36	40	41	37	35	35	39
1	1	1	1	1	1	1	1	1	1	0	0	0	0	0	0	0	0	0	0	0	0	0	0	0	0	1	1	3	3	3	3	3	3	3	3	3	3	3	3	3	3	3	3	3	3	3	3	3	3	2	8	13	12	12	12	12	12	12	14	15	16	18	19	19	22	23	24	25	27	28	29	32	29	29	30	29	30	31	31	31	32	32	33	33	32	32	32	31	32	30	29	28	29	28	27	25	23	23	23
0	0	0	0	0	0	0	0	0	0	0	0	0	0	0	0	0	0	0	0	0	0	0	0	0	0	0	0	0	0	0	1	1	1	1	1	1	1	1	1	1	1	1	1	1	2	2	4	4	4	7	37	38	39	39	44	47	50	53	53	58	59	62	65	71	72	73	75	79	81	82	81	82	82	83	82	84	84	85	84	82	82	82	79	79	77	73	71	66	64	67	56	54	51	51	50	50	48	47	46
0	0	0	0	0	0	0	0	0	0	0	0	0	0	0	0	0	0	0	0	0	0	0	0	0	0	0	0	0	0	0	0	0	0	0	0	0	0	0	0	0	0	0	0	0	0	0	0	0	0	0	5	5	5	5	7	7	7	8	9	9	9	9	9	9	9	9	9	8	10	11	9	9	9	10	13	15	15	16	15	15	15	14	14	12	12	12	12	10	12	12	11	11	11	11	11	9	10	10	12
5	4	5	5	5	7	7	7	7	6	5	5	4	4	4	5	4	4	4	4	4	5	8	14	25	67	71	82	82	85	91	92	94	98	99	102	102	102	103	103	102	101	99	99	89	87	81	74	73	69	59	103	105	108	113	118	126	136	144	162	169	178	180	182	190	193	195	202	204	199	192	194	191	189	186	180	180	175	168	157	157	160	149	150	146	143	139	124	151	151	155	151	151	148	148	151	158	165	161	162
0	0	0	0	0	0	0	0	0	0	0	0	0	0	0	0	0	0	0	0	0	0	0	0	0	0	0	1	1	1	1	1	1	1	1	1	1	1	1	1	0	0	0	0	0	0	0	0	0	0	0	6	6	6	8	11	11	15	18	21	22	25	27	27	28	29	31	30	30	30	29	29	33	34	34	34	34	34	33	32	32	33	31	31	30	28	29	28	26	24	21	21	21	20	22	23	23	20	20	18
0	0	0	0	0	0	0	0	0	0	0	0	0	0	0	0	0	0	0	0	0	0	0	0	0	0	0	0	0	0	0	0	0	0	0	0	0	0	0	0	0	0	0	0	0	0	0	0	0	1	2	9	11	11	12	14	14	14	16	16	16	18	18	19	21	22	24	24	24	24	23	23	21	19	19	18	17	19	18	17	18	18	18	16	15	16	16	16	16	17	17	17	18	17	17	17	16	17	18	19
0	0	0	0	0	0	0	0	0	0	0	0	0	0	0	0	0	0	0	0	0	0	0	0	0	0	0	0	0	0	0	0	0	0	0	0	0	0	0	0	0	0	0	0	0	0	0	0	0	0	3	8	8	8	9	9	9	10	10	10	11	11	12	13	13	13	13	13	13	12	15	15	14	15	15	15	15	15	15	16	16	16	15	16	16	15	12	10	9	9	9	10	10	10	10	10	9	8	9	10
1	1	1	1	1	1	1	1	1	1	1	1	1	1	1	1	1	1	1	1	1	1	0	0	0	0	0	0	0	0	0	0	0	0	0	0	0	0	0	0	0	0	0	0	0	1	1	1	1	1	1	6	6	6	6	6	6	7	7	8	8	8	8	7	7	7	7	8	9	9	8	8	9	7	8	8	8	10	10	9	10	10	10	10	11	11	11	12	13	12	12	12	12	11	11	11	11	13	13	12
0	0	0	0	0	0	0	0	0	0	0	0	0	0	0	0	0	0	0	0	0	0	0	0	0	0	0	0	0	0	0	0	0	0	0	0	0	0	0	0	0	0	0	0	0	0	0	0	0	0	0	3	5	6	6	6	6	6	6	6	6	6	6	6	6	7	7	7	7	7	7	7	7	6	6	6	4	4	4	3	3	3	3	3	3	2	2	1	1	1	2	2	2	3	3	3	4	5	5	5
0	0	0	0	0	0	0	0	0	0	0	0	1	1	1	1	1	1	1	1	1	1	1	1	1	1	1	1	1	1	1	1	1	1	1	1	1	1	1	1	1	1	1	1	1	0	0	0	0	0	0	15	19	20	22	25	26	27	29	30	30	30	31	32	32	32	32	33	33	36	36	37	35	31	34	33	33	31	32	31	33	32	36	34	34	33	33	33	32	33	31	30	30	27	27	27	26	23	22	21
3	3	3	3	3	3	3	3	2	3	3	2	2	2	2	2	2	2	2	2	3	3	3	3	3	3	3	3	3	3	3	3	4	4	5	5	5	4	3	3	3	4	4	4	4	6	8	8	7	7	7	12	13	13	13	13	14	14	15	15	15	15	14	16	16	16	16	13	13	13	14	14	14	13	13	13	13	12	10	10	9	10	9	10	9	10	8	8	7	5	5	4	4	4	4	4	5	6	6	7
5	5	5	5	5	4	3	3	3	3	3	3	2	2	2	3	3	2	2	2	2	2	2	2	2	2	2	2	2	2	2	2	2	2	4	4	4	4	4	4	4	4	4	4	4	6	6	6	5	5	6	18	19	19	21	22	22	22	24	24	23	23	23	26	26	26	28	28	28	29	29	25	24	22	21	20	20	21	20	20	18	13	13	14	17	22	24	22	23	23	24	24	24	24	25	25	25	27	27	27
0	0	0	0	0	0	0	0	0	0	0	0	0	0	0	0	0	0	0	0	0	0	0	1	1	1	1	1	1	1	1	1	1	1	1	1	1	1	1	1	1	1	1	1	1	0	0	0	0	0	0	18	18	18	18	20	21	21	22	22	23	23	24	25	26	27	27	27	28	29	26	25	25	23	22	23	22	21	18	19	19	24	22	21	23	22	23	21	21	21	20	21	19	19	19	18	18	18	16	16
1	1	0	0	0	0	0	0	0	0	0	0	0	0	0	0	0	0	0	0	0	0	0	0	0	0	0	0	0	0	0	0	0	0	0	0	0	0	0	0	0	0	0	0	0	0	0	0	0	0	0	8	8	8	8	8	9	9	9	9	10	10	10	11	11	13	13	14	29	30	35	36	35	36	37	37	38	38	38	40	42	42	43	42	46	48	46	46	44	42	43	43	43	43	43	42	42	39	40	38
0	0	0	0	0	0	0	0	0	0	0	0	0	0	0	0	0	0	0	0	0	0	0	0	0	0	0	0	0	1	1	1	1	1	1	1	1	1	1	1	1	1	1	1	1	1	1	1	1	2	2	8	8	8	7	8	8	11	12	12	13	13	14	14	14	14	14	14	14	14	14	14	15	14	13	14	14	13	11	9	8	6	6	5	5	5	5	6	6	6	5	4	5	4	5	7	6	6	7	7
1	2	2	2	1	1	1	1	1	1	1	1	1	1	1	1	1	1	1	1	1	1	1	1	1	1	1	1	1	0	0	0	0	0	0	0	0	0	0	0	0	0	1	1	1	1	1	1	1	3	4	11	11	12	13	14	14	15	15	16	16	18	20	20	20	21	21	23	23	23	21	20	20	20	19	21	19	19	21	19	18	18	19	19	19	19	17	18	18	18	18	18	18	19	19	19	18	16	14	14
0	0	0	0	0	0	0	0	0	0	0	0	0	0	0	0	0	0	0	0	0	0	0	0	0	0	0	0	0	0	0	0	0	0	0	0	0	0	0	0	0	0	0	0	0	0	0	0	0	0	0	25	25	25	26	26	26	27	28	28	29	30	31	32	32	33	35	35	35	36	36	36	33	31	34	36	37	36	32	35	35	31	29	29	28	29	30	31	29	32	31	29	31	30	31	29	30	32	31	31
2	2	1	1	1	1	1	1	1	1	1	1	1	1	1	1	1	0	0	0	0	0	0	0	0	0	0	0	0	1	1	1	1	1	1	1	1	1	1	1	1	1	1	1	1	1	1	1	1	1	2	11	11	12	14	14	15	15	15	15	15	15	17	17	17	17	17	17	16	16	15	15	15	13	13	10	10	7	7	6	5	4	4	4	4	4	4	4	4	3	3	4	4	4	4	5	5	5	5	5
0	0	0	0	0	0	0	0	0	0	0	0	0	0	0	0	0	0	0	0	0	0	0	0	0	0	0	0	0	0	0	0	0	0	0	0	0	0	0	0	0	0	0	0	0	0	0	0	1	1	1	12	13	14	17	17	17	17	17	17	18	19	19	19	19	19	20	20	20	19	19	19	19	19	18	17	19	19	18	18	19	19	18	19	17	16	16	16	12	13	11	11	11	9	9	10	10	10	10	11
8	8	8	8	8	9	9	9	9	8	8	6	4	4	4	4	3	3	5	4	4	3	3	3	3	3	3	3	3	3	3	3	3	3	3	3	3	3	3	3	3	1	2	2	3	3	3	3	3	3	3	14	14	15	14	19	23	26	27	30	30	32	32	31	32	33	35	36	36	36	40	40	38	39	42	43	46	43	38	37	37	36	37	37	37	37	36	32	30	28	28	27	26	25	22	19	19	18	12	10
0	0	0	0	0	0	1	1	1	1	1	1	1	2	2	2	2	2	2	2	2	3	3	3	3	3	3	3	3	3	2	2	2	2	2	2	2	2	2	2	2	2	2	1	1	1	1	1	1	1	0	22	22	27	29	31	32	33	35	37	39	39	42	45	46	47	48	49	50	52	51	51	56	54	55	59	51	48	46	43	43	43	43	39	39	40	37	37	37	37	36	37	39	38	39	38	40	38	38	38
1	1	1	1	1	1	1	0	0	0	0	0	0	0	0	0	0	0	0	0	0	0	0	0	0	0	0	0	0	0	0	0	0	0	0	0	0	0	0	0	0	0	0	0	0	0	0	0	0	0	1	6	6	8	8	8	9	9	10	12	13	15	18	18	19	21	23	23	25	26	27	26	29	31	32	33	31	30	28	29	29	29	29	27	25	25	22	22	21	20	20	19	18	17	19	19	19	22	20	20
0	0	0	0	0	0	0	0	0	0	0	0	0	0	0	0	0	0	0	0	0	0	0	0	0	0	0	0	0	0	0	0	0	0	0	0	0	0	0	0	0	0	0	0	0	0	0	0	0	0	5	15	20	23	24	24	24	24	26	29	30	31	35	35	38	38	38	39	40	41	44	46	47	47	46	44	45	46	50	50	51	51	53	48	48	49	47	50	53	53	52	54	54	53	53	51	49	47	45	47
0	0	0	0	0	0	0	0	0	0	0	0	0	0	0	0	0	0	0	0	0	0	0	0	0	0	0	0	0	0	0	0	0	0	0	0	0	0	0	0	0	0	0	0	0	0	0	0	0	0	0	2	2	4	4	4	4	4	4	5	7	8	8	9	10	10	10	10	10	11	11	11	11	10	10	10	10	10	9	8	8	7	7	8	8	8	6	5	5	3	3	3	3	2	3	5	5	6	6	6
0	0	0	0	0	0	0	0	0	0	0	0	0	0	0	0	0	0	0	0	0	0	0	0	0	0	0	0	0	0	0	0	0	0	0	0	0	0	0	0	0	0	0	0	0	0	0	0	0	0	0	14	16	17	19	19	21	21	22	23	23	23	23	25	27	27	30	33	35	35	38	40	43	40	39	38	39	38	40	39	40	39	38	36	39	42	48	44	45	43	40	40	40	40	39	39	39	40	40	41
5	5	4	3	3	3	3	2	2	2	2	2	2	2	2	0	0	0	0	0	0	0	0	0	0	0	0	0	0	0	0	0	0	0	0	0	0	0	0	0	0	0	0	0	0	0	0	0	0	0	2	8	9	10	10	10	10	10	10	11	12	12	14	15	16	16	16	16	17	18	18	18	18	18	18	18	18	17	17	17	18	16	18	18	17	14	14	15	16	15	15	17	17	16	16	16	15	15	17	17
1	1	1	1	1	1	1	1	1	1	0	0	0	0	1	1	1	1	1	1	1	1	1	1	1	1	1	1	1	1	1	1	1	1	1	0	0	0	0	0	0	0	0	0	0	0	0	0	0	4	6	32	46	50	50	54	57	61	65	68	70	73	74	77	77	79	80	80	83	83	84	86	87	86	85	80	83	79	76	78	74	73	72	67	65	64	61	60	58	55	55	49	48	49	49	46	47	45	46	49
1	1	1	1	1	1	1	1	1	0	0	0	0	0	0	0	0	0	0	0	0	0	0	0	0	0	0	0	0	0	0	0	0	0	0	0	0	0	0	0	0	0	0	0	0	0	0	0	0	0	0	16	17	21	21	22	22	23	25	25	29	33	36	37	41	46	48	49	51	51	52	53	56	57	61	61	63	65	64	66	66	63	62	60	60	60	56	55	57	62	56	54	54	52	54	51	51	52	51	47
0	0	0	0	0	0	0	0	0	0	0	0	0	0	0	0	0	0	0	0	0	0	0	0	0	0	0	0	0	0	0	0	0	0	0	0	0	0	0	0	0	0	0	0	0	0	0	0	0	0	3	10	10	10	10	10	10	10	11	11	11	11	11	11	11	13	14	14	15	16	16	15	15	15	13	13	13	13	13	13	13	13	13	11	10	11	9	10	11	10	9	11	12	12	11	11	11	11	11	11
0	0	0	0	0	0	0	0	0	0	0	1	1	1	1	1	1	1	1	1	1	1	1	1	1	1	1	1	1	1	1	1	1	1	1	1	1	1	0	0	0	0	0	0	0	0	0	0	0	0	1	12	12	12	13	13	15	15	15	15	15	15	15	15	15	16	16	16	17	16	16	15	14	15	14	14	13	13	13	11	11	10	8	9	10	7	7	7	7	8	7	8	8	8	8	8	9	10	10	10
1	1	1	1	1	1	1	1	0	0	0	0	0	0	0	0	0	0	0	0	0	0	0	0	0	0	0	0	0	0	0	0	0	0	0	0	0	0	0	0	0	0	0	0	0	0	0	0	0	2	3	7	7	7	9	9	9	10	11	12	12	12	12	13	16	17	18	19	20	21	21	22	21	19	19	19	20	19	19	19	19	19	19	17	17	18	17	16	13	14	14	13	14	13	13	13	13	13	13	13
0	0	0	0	0	0	0	0	0	0	0	0	0	0	0	0	0	0	0	0	0	0	0	0	0	0	0	0	0	0	0	0	0	0	0	0	0	0	0	0	0	0	0	0	0	0	0	0	0	0	3	16	17	17	19	21	22	24	24	24	26	27	30	31	31	33	33	35	37	38	43	41	43	45	44	44	43	43	43	41	40	41	42	43	40	38	37	37	41	41	42	43	41	37	38	35	35	36	36	37
0	0	0	0	0	0	0	0	0	0	0	0	0	0	0	0	0	0	0	0	0	0	0	0	0	0	0	0	0	1	1	1	1	1	1	1	1	1	1	1	1	1	1	1	1	1	1	1	1	1	2	13	13	13	13	13	15	16	16	17	17	17	17	17	17	17	17	17	18	18	12	11	13	13	13	11	11	11	11	10	9	9	10	10	12	14	14	14	14	14	13	10	11	11	12	15	16	16	18	18
1	1	1	1	1	1	1	1	1	1	1	1	1	1	1	1	1	1	1	1	0	0	0	0	0	0	0	0	0	0	0	0	0	0	0	0	0	0	0	0	0	0	0	0	0	0	0	0	0	1	1	6	6	6	6	6	6	6	6	7	8	8	8	8	8	8	8	8	8	8	8	8	6	5	6	5	6	5	5	5	5	5	5	5	4	4	5	5	5	5	5	5	4	4	4	4	4	3	5	4
7	7	6	6	6	7	8	8	7	8	7	7	7	7	7	7	6	6	6	6	6	6	7	7	6	6	6	5	6	5	4	6	6	6	6	5	5	5	5	4	4	4	4	4	5	5	5	6	6	6	6	23	26	26	27	30	30	33	34	36	36	37	39	39	40	39	40	40	39	38	40	41	37	35	34	30	28	28	27	26	24	23	24	21	19	23	23	24	24	24	24	25	24	24	23	23	24	27	29	31
0	0	0	0	0	0	0	0	0	0	0	0	0	0	0	0	0	0	0	0	0	0	0	0	0	0	0	0	0	0	0	0	1	1	1	1	1	1	2	9	13	13	15	16	18	18	18	19	21	23	24	43	48	51	51	52	55	57	60	62	67	69	68	69	69	70	71	68	70	69	69	65	62	64	62	59	53	50	43	37	36	35	34	37	35	34	30	29	28	29	28	29	29	29	29	33	33	35	36	36
1	1	1	1	1	1	1	1	1	1	1	1	1	1	0	0	0	0	0	0	0	0	0	0	0	0	0	0	0	0	0	0	0	0	0	0	0	0	0	0	0	0	0	0	0	0	0	0	0	0	2	10	10	11	11	11	11	11	12	13	15	16	18	18	18	18	18	20	21	21	21	19	20	19	17	16	16	15	15	14	14	14	11	10	9	8	6	9	9	9	9	9	8	9	10	10	10	10	11	12
1	1	1	1	1	1	1	1	1	1	1	1	1	1	1	1	1	1	1	1	1	1	1	1	1	1	1	1	1	1	1	0	0	0	0	0	0	0	0	0	0	0	0	0	0	0	0	0	0	0	2	5	5	5	5	5	5	5	5	6	6	6	7	8	10	10	10	10	10	9	9	9	9	8	10	12	12	13	14	14	15	15	14	14	14	14	14	14	15	15	15	15	15	14	13	12	11	10	8	7
0	0	0	0	0	0	0	0	0	0	0	0	0	0	0	0	0	0	0	0	0	0	0	0	0	0	0	0	0	0	0	0	0	0	0	0	0	0	0	0	0	0	0	0	0	0	0	0	0	0	0	2	2	2	2	2	2	3	3	3	4	4	4	5	6	6	6	6	6	6	6	6	6	6	5	4	4	4	2	3	3	3	3	3	2	1	1	1	1	1	1	1	1	1	1	1	1	3	4	5
0	0	0	0	0	0	0	0	0	0	0	0	0	0	0	0	0	0	0	0	0	0	0	0	0	0	0	0	0	0	0	0	0	0	0	0	0	0	0	0	0	0	0	0	0	0	0	0	0	0	0	3	3	3	3	3	3	3	3	3	3	3	3	3	4	4	5	5	5	5	5	3	3	3	4	4	4	5	6	7	7	7	7	7	7	7	7	7	6	6	6	7	7	6	6	6	5	5	5	5
0	0	0	0	0	0	0	0	0	0	0	0	0	0	0	0	0	0	0	0	0	0	0	0	0	0	0	0	0	0	0	0	0	0	0	0	0	0	0	0	0	0	0	0	0	0	0	0	0	0	0	4	4	4	4	4	4	5	6	6	6	7	7	7	8	8	7	8	8	8	8	8	8	8	9	9	10	9	10	12	11	11	11	10	9	9	9	9	9	8	8	8	8	9	9	8	8	8	8	6
0	0	0	0	0	0	0	0	0	0	0	0	0	0	0	0	0	0	0	0	0	0	0	0	0	0	0	0	0	0	0	0	0	0	0	0	0	0	0	0	0	0	0	0	0	0	0	0	0	0	0	8	8	9	13	14	16	16	20	21	21	22	22	22	23	25	27	28	28	28	29	29	31	31	30	33	32	31	29	32	31	31	32	31	32	31	31	29	29	29	27	24	22	25	25	24	22	21	20	19
0	0	0	0	0	0	0	0	0	0	0	0	0	0	0	0	0	0	0	0	0	0	0	0	0	0	0	0	0	0	0	0	0	0	0	0	0	0	0	0	0	0	0	0	0	0	0	0	0	0	1	7	7	8	11	12	12	12	13	13	13	13	13	13	13	13	13	13	14	14	14	14	13	13	13	11	8	9	9	10	10	11	11	10	10	9	9	7	7	7	7	8	9	9	9	8	8	7	6	6
0	0	0	0	0	0	0	0	1	1	1	1	1	1	1	1	1	1	1	1	1	1	1	1	1	1	1	1	1	1	1	1	1	1	1	1	1	1	1	1	0	0	0	0	0	0	0	0	0	1	8	31	44	44	49	53	55	56	56	56	56	56	56	58	59	59	59	59	59	55	52	51	23	24	24	21	19	20	22	21	22	21	21	21	23	20	20	24	25	26	26	26	28	30	29	28	28	26	27	28
0	0	0	0	0	0	0	0	0	0	0	0	0	0	0	0	0	0	0	0	0	0	0	0	0	0	0	0	0	0	0	0	0	0	0	0	0	0	0	0	0	0	0	0	0	0	0	0	0	0	0	4	4	6	6	7	7	7	7	7	7	7	8	8	9	9	10	10	10	10	10	10	10	8	5	5	4	3	3	4	4	5	4	4	4	4	3	3	3	3	3	3	3	3	3	3	3	3	4	4
0	0	0	0	0	0	0	0	0	0	0	0	0	0	0	0	0	0	0	0	0	0	0	0	0	0	0	0	0	0	0	0	0	0	0	0	0	0	0	0	0	0	0	0	0	0	0	0	0	0	0	3	3	3	5	5	5	5	5	5	6	6	6	6	7	7	7	7	7	7	7	7	4	4	4	4	3	3	3	3	3	3	2	2	2	2	2	2	2	2	1	1	1	1	1	1	1	1	1	1
0	0	0	0	0	0	0	0	0	0	0	0	0	0	0	0	0	0	0	0	0	0	0	0	0	0	0	0	0	0	0	0	0	0	0	0	0	0	0	0	0	0	0	0	0	0	0	0	0	0	0	52	89	96	115	128	134	137	145	163	164	176	180	190	201	212	222	223	225	229	227	248	246	239	235	241	235	237	248	245	244	250	250	256	272	273	274	286	284	277	273	265	257	256	251	239	256	249	243	244
0	0	0	0	0	0	0	0	0	0	0	0	0	0	0	0	0	0	0	0	0	0	0	0	0	0	0	0	0	0	0	0	0	0	0	0	0	0	0	0	0	0	0	0	0	0	0	0	0	2	2	21	22	23	24	24	26	27	27	28	28	28	28	29	29	29	29	31	30	30	31	30	30	29	30	29	27	38	39	42	41	41	45	52	56	61	62	62	64	66	65	66	66	66	65	63	63	64	65	65
0	0	0	0	0	0	0	0	0	0	0	0	0	0	0	0	0	0	0	0	0	0	0	0	0	0	0	0	0	0	0	0	0	0	0	0	0	0	0	0	0	0	0	0	0	0	0	0	0	0	0	2	4	5	5	5	5	5	5	5	5	5	5	5	5	5	5	5	4	4	4	4	4	4	3	3	2	3	3	5	6	6	6	7	6	7	7	7	8	8	8	8	8	9	9	8	8	8	8	8
0	0	0	0	0	0	0	0	0	0	0	0	0	0	0	0	0	0	0	0	0	0	0	0	0	0	0	0	0	0	0	0	0	0	0	0	0	0	1	1	1	2	2	2	2	2	2	2	2	2	2	4	4	5	5	6	6	7	7	7	7	7	6	6	5	6	6	6	6	6	6	6	6	5	4	4	3	4	4	4	4	5	4	4	4	4	4	3	3	3	3	4	4	4	4	4	4	4	4	4
10	11	11	11	11	10	10	12	13	13	13	12	13	13	14	14	14	14	11	10	13	13	13	15	17	17	17	17	16	17	19	19	20	23	25	25	25	24	25	26	28	27	30	30	33	34	32	33	33	33	40	195	213	217	229	233	261	268	274	290	293	300	302	305	303	315	312	313	326	322	318	298	287	294	271	264	262	262	255	250	251	244	233	272	273	272	255	258	256	269	302	305	310	317	330	345	364	386	389	399
0	0	0	0	0	0	0	0	0	0	0	0	0	0	0	0	0	0	0	0	0	0	0	0	0	0	0	0	0	0	0	0	0	0	0	0	0	0	0	0	0	0	0	0	0	0	0	0	0	0	4	17	17	19	19	20	20	20	20	20	20	21	22	22	23	23	24	25	25	25	27	27	28	29	30	32	33	35	35	34	32	33	34	31	31	32	31	28	26	24	24	22	21	21	19	19	20	20	20	19
1	1	1	1	1	1	1	1	1	1	1	1	1	1	1	1	1	1	1	1	1	1	1	0	0	0	0	0	0	0	0	0	0	0	0	0	0	0	0	0	0	0	0	0	0	0	0	0	0	0	2	6	6	6	6	6	8	9	9	9	9	10	10	10	10	11	11	11	11	11	11	11	11	10	8	8	7	7	7	7	5	6	6	6	5	7	7	5	5	6	6	6	6	6	6	6	6	6	6	6
0	0	0	0	0	0	0	0	0	0	0	0	0	0	0	1	2	2	2	2	2	2	2	2	2	2	3	3	3	3	3	3	3	3	3	2	2	1	1	1	1	1	1	1	1	1	2	2	2	2	2	12	13	13	14	15	15	15	16	18	21	21	24	24	25	26	26	26	26	26	26	25	25	23	23	22	22	21	19	10	8	8	7	7	6	4	3	4	5	5	4	4	4	4	4	4	4	6	7	7
1	1	1	1	1	1	1	0	0	0	0	0	0	0	0	0	0	1	1	1	1	1	1	2	2	2	2	2	2	2	2	2	2	2	2	2	2	2	2	2	2	1	1	2	2	2	2	2	2	2	2	9	9	9	8	10	10	10	14	15	16	16	17	17	17	17	17	18	20	26	26	26	26	26	26	26	25	24	24	22	20	21	20	20	18	18	19	20	19	21	20	20	21	21	21	19	19	18	17	17
0	0	0	0	0	0	0	0	0	0	0	0	0	0	0	0	0	0	0	0	0	0	0	0	0	0	0	0	1	1	1	1	1	1	1	1	1	1	1	1	1	1	1	1	1	1	1	1	1	1	1	7	8	8	9	9	9	9	9	8	8	8	8	8	8	9	9	9	9	9	8	8	8	8	8	8	7	6	6	6	5	4	4	5	3	4	5	5	6	6	6	6	8	8	8	8	8	8	7	8
0	0	0	0	0	0	0	0	0	0	0	0	0	0	0	0	0	0	0	0	0	0	0	0	0	0	0	0	0	0	0	0	0	0	0	0	0	0	0	0	0	0	0	0	0	0	0	0	0	0	1	9	9	9	10	13	13	14	14	16	19	19	21	26	30	33	34	39	42	47	49	49	56	56	60	60	62	64	65	66	67	66	63	63	66	65	64	62	58	56	56	53	50	48	48	51	47	47	45	41
8	8	9	10	9	8	7	7	7	7	7	7	7	7	6	6	6	5	5	5	5	5	5	6	5	5	5	4	4	4	4	4	4	4	4	4	4	4	4	4	4	4	3	2	2	2	2	2	2	2	2	4	4	6	6	6	6	6	6	6	7	7	7	7	7	7	8	8	8	8	8	9	9	9	10	10	10	10	10	10	10	10	10	9	13	14	12	13	13	13	14	15	15	15	14	14	15	15	15	14
0	0	0	0	0	0	0	0	1	1	1	1	1	1	1	1	1	1	1	1	1	1	1	1	1	1	1	1	1	1	1	1	1	1	1	1	1	0	0	0	0	0	0	0	0	0	0	0	0	0	0	7	7	7	7	7	7	8	8	8	10	10	10	10	10	9	9	9	9	8	8	8	8	9	9	8	8	9	10	11	11	10	11	13	13	14	14	14	14	14	13	11	10	9	9	9	8	7	8	8
1	1	1	1	1	1	1	1	1	1	1	1	1	1	1	1	1	1	1	0	0	0	0	0	0	0	0	0	0	0	0	0	0	0	0	0	0	0	0	0	0	0	0	0	0	0	0	0	0	0	0	6	6	6	6	6	6	6	6	6	6	6	6	6	6	6	2	0	0	0	0	0	0	0	0	0	0	0	0	0	0	0	0	0	0	1	1	2	2	2	2	2	2	2	2	2	2	2	2	2
2	2	2	2	2	2	2	2	2	2	2	2	2	0	0	0	0	0	0	0	0	0	0	0	0	0	0	0	0	0	0	0	0	0	0	0	0	0	0	0	1	1	1	1	1	1	1	1	1	1	2	10	11	12	13	14	15	15	16	20	21	21	22	26	27	27	28	29	29	29	30	30	32	35	35	36	36	34	35	31	30	30	32	32	30	31	30	29	31	29	31	30	30	31	30	31	29	29	29	28
2	2	2	2	1	1	1	1	1	0	0	0	1	1	1	1	1	1	1	1	1	1	1	1	1	1	1	1	1	1	1	1	1	1	1	1	1	1	1	1	1	1	1	1	1	1	1	1	1	1	0	5	5	5	5	6	6	7	7	8	8	8	8	8	9	9	9	9	10	10	10	10	10	11	11	11	10	12	12	12	11	11	11	11	13	15	15	14	16	16	17	20	20	19	22	22	23	23	22	24
0	0	0	0	0	0	0	0	0	0	0	0	1	1	1	1	1	1	1	1	2	2	2	2	2	2	2	2	2	2	2	2	2	2	1	1	1	0	0	0	0	0	1	1	1	1	1	1	1	1	2	28	28	28	29	31	31	32	32	32	32	36	38	38	39	39	40	42	44	46	46	44	44	47	47	44	42	41	38	37	37	37	34	30	29	27	27	26	32	35	34	35	37	35	35	37	36	38	39	40
0	0	0	0	1	1	1	1	1	1	1	1	1	1	1	1	1	1	1	1	1	1	1	0	0	0	0	0	0	0	0	0	0	0	0	0	0	0	0	0	0	0	0	0	0	0	0	0	0	0	0	10	10	12	14	15	15	15	17	17	17	18	19	19	20	20	20	20	20	21	23	23	23	23	23	23	21	20	20	20	20	19	17	16	15	14	14	13	11	9	9	12	10	10	10	10	10	9	8	9
0	0	0	0	0	0	0	0	0	0	0	0	0	0	0	0	0	0	0	0	0	0	0	0	0	0	0	0	0	0	0	0	0	0	0	0	0	0	0	0	0	0	0	0	0	0	0	0	0	3	5	11	11	11	12	12	12	12	12	12	12	13	13	13	13	13	13	13	13	13	11	9	9	8	9	11	11	12	12	12	12	11	11	12	12	12	13	13	13	14	17	18	17	17	17	17	19	18	19	19
0	0	0	0	0	0	0	0	0	0	0	0	0	0	0	0	0	0	0	0	0	0	0	0	0	0	0	0	0	1	1	1	1	1	1	1	1	1	1	1	1	1	1	1	1	1	1	1	1	1	1	5	5	4	4	4	5	5	5	5	5	5	7	7	7	8	8	8	9	9	10	10	10	9	8	9	10	10	11	10	10	10	10	10	10	12	12	11	9	7	8	8	10	8	8	8	8	8	8	7
0	0	0	0	0	0	0	0	0	0	0	0	0	0	0	0	0	0	0	0	0	0	0	0	0	0	0	0	0	0	0	0	0	0	0	0	0	0	0	0	0	0	0	0	0	0	0	0	0	0	0	4	7	7	7	7	8	11	12	12	12	13	16	17	19	25	26	26	27	27	25	27	33	33	34	37	34	36	40	43	43	44	46	47	47	49	49	49	49	48	49	48	46	48	46	43	44	43	43	44
0	0	0	0	0	0	0	0	0	0	0	0	0	0	0	0	0	0	0	0	0	0	0	0	0	0	0	0	0	0	0	0	0	0	0	0	0	0	0	0	0	0	0	0	0	0	0	0	0	0	5	209	295	300	325	339	346	371	375	378	395	422	427	451	471	494	524	673	696	719	729	734	733	752	731	748	743	749	762	766	764	761	756	755	753	748	739	756	732	733	701	677	675	683	649	626	623	616	596	585
0	0	0	0	0	0	0	0	0	0	0	0	0	0	0	0	0	0	0	0	0	0	0	0	0	0	0	0	0	0	0	0	0	0	0	0	0	0	0	0	0	0	0	0	0	0	0	0	0	0	1	13	13	15	17	17	18	18	18	19	19	19	19	20	20	20	22	22	23	21	23	22	22	20	20	20	18	17	18	19	18	16	16	16	18	17	16	16	17	18	18	17	18	16	14	15	16	16	17	17
0	0	0	0	0	0	0	0	0	0	0	0	0	0	0	0	0	0	0	0	0	0	0	0	0	0	0	0	0	0	0	0	0	0	0	0	0	0	0	0	0	0	0	0	0	0	0	0	0	0	0	3	3	3	3	3	3	3	4	4	4	5	5	5	5	5	5	5	5	5	5	4	4	4	3	3	3	3	3	3	3	3	3	2	2	1	1	0	0	0	1	1	1	1	1	2	2	2	2	2
8	7	8	8	8	8	8	8	9	9	8	8	8	8	11	11	12	12	12	11	10	10	10	10	11	11	11	11	12	13	13	11	12	12	12	10	9	9	9	9	8	8	7	7	7	7	7	7	7	12	15	42	52	55	58	59	61	66	68	69	69	72	75	76	78	77	80	82	83	81	83	82	87	82	79	78	78	81	81	80	79	79	77	76	72	69	67	65	67	67	67	65	61	62	67	68	64	64	61	63
0	0	0	0	0	0	0	0	0	0	0	0	0	0	0	0	0	0	0	0	0	0	0	0	0	0	0	0	0	0	0	0	0	0	0	0	0	0	0	0	0	0	0	0	0	0	0	0	0	0	1	11	16	20	20	21	21	22	23	24	24	26	26	26	26	27	27	28	31	30	32	29	28	30	31	32	33	32	31	31	30	29	28	27	25	24	22	22	22	22	22	24	19	15	14	15	12	12	11	11
0	0	0	0	0	0	0	0	0	0	0	0	0	0	0	0	0	0	0	0	0	0	0	0	0	0	0	0	0	0	0	0	0	0	0	0	0	0	0	0	0	0	0	0	0	0	0	0	0	0	1	3	3	3	3	3	3	3	3	3	3	3	3	4	4	4	4	3	3	2	3	4	4	4	4	4	4	4	4	4	4	4	4	4	4	4	3	3	3	3	3	3	3	2	2	2	3	3	3	2
0	0	0	0	0	0	0	0	0	0	0	0	0	0	0	0	0	0	0	0	0	0	0	0	0	0	0	0	0	0	0	0	0	0	0	0	0	0	0	0	0	0	0	0	0	0	0	0	0	0	0	4	5	5	5	5	6	6	6	7	7	7	7	7	7	7	7	8	8	8	9	9	10	10	10	11	11	10	10	11	11	12	13	13	13	13	13	12	12	11	12	14	14	15	12	12	12	12	12	12
0	0	0	0	0	0	0	0	0	0	0	0	0	0	0	0	0	0	0	0	0	0	0	0	0	0	0	0	0	0	0	0	0	0	0	0	0	0	0	0	0	0	0	0	0	0	0	0	0	2	8	23	24	24	24	24	27	28	28	28	28	28	29	30	32	33	33	33	33	32	32	32	30	28	25	25	25	27	29	30	32	29	26	27	27	27	26	25	23	24	26	25	27	25	25	25	24	29	31	31
0	0	0	0	0	0	0	0	0	0	0	0	0	0	0	0	0	0	0	0	0	0	0	0	0	0	0	0	0	0	0	0	0	0	0	0	0	0	0	0	0	0	0	0	0	0	0	0	0	0	1	40	41	42	44	44	45	45	47	48	52	52	54	56	56	57	57	57	60	56	53	51	50	46	46	49	47	42	39	40	38	37	36	33	29	27	24	16	15	14	14	14	14	13	12	11	11	11	11	11
0	0	0	0	0	0	0	0	0	0	0	0	0	0	0	0	0	0	0	0	0	0	0	0	0	0	0	0	0	0	0	0	0	0	0	0	0	0	0	0	0	0	0	0	0	0	0	0	0	0	0	4	9	15	20	20	20	22	25	26	26	26	27	27	28	28	31	31	31	31	32	32	29	30	28	26	24	22	22	23	19	19	19	20	21	24	25	24	24	23	24	25	26	26	26	26	26	26	26	27
0	0	0	0	0	0	0	0	0	0	0	0	0	0	0	0	0	0	0	0	0	0	0	0	0	0	0	0	0	0	0	0	0	0	0	0	0	0	0	0	0	0	0	0	0	0	0	0	0	0	0	4	6	6	6	6	7	7	7	7	7	7	7	7	7	8	8	8	8	8	9	9	9	8	9	9	10	10	10	10	11	11	11	12	12	14	14	13	13	21	22	21	22	22	22	24	24	24	27	28
36	29	24	19	14	12	0	0	0	0	0	0	0	0	0	0	0	0	0	0	0	0	0	0	0	0	0	0	0	0	0	0	0	0	0	0	0	0	0	0	0	0	0	0	0	0	0	0	0	0	1	3	3	3	3	3	3	3	3	3	3	3	3	3	3	3	3	4	4	4	4	4	4	4	4	4	4	4	4	4	4	4	3	3	3	3	2	2	2	2	3	3	3	2	2	2	2	2	2	2
14	14	13	13	12	12	12	12	12	12	12	12	12	12	12	10	3	3	3	3	3	3	2	4	3	3	3	3	3	3	3	3	3	3	3	3	3	3	3	3	3	3	3	3	3	2	3	3	2	2	2	14	13	15	18	19	20	20	22	22	22	23	23	25	26	26	25	25	28	28	26	26	25	24	23	21	21	21	20	17	17	16	17	18	17	15	14	16	16	16	18	15	14	16	16	16	18	18	19	19
1	1	1	1	1	1	1	1	1	1	1	0	0	0	0	0	0	0	0	0	0	0	0	0	0	0	0	0	0	0	0	0	0	0	0	0	0	0	0	0	0	0	0	0	0	0	0	0	0	0	1	35	36	39	39	39	40	41	43	44	44	45	45	45	45	47	48	48	48	47	47	45	43	41	41	42	40	38	39	37	37	36	29	31	32	32	29	27	27	27	27	26	26	24	25	24	25	25	25	25
0	0	0	0	0	0	0	0	0	0	0	0	0	0	0	0	0	0	0	0	0	0	0	0	0	0	0	0	0	0	0	0	0	0	0	0	0	0	0	0	0	0	0	0	0	0	0	0	0	0	0	2	2	3	3	3	3	3	3	3	3	3	3	3	3	3	3	3	3	4	4	4	3	3	3	3	3	3	2	1	2	2	2	2	2	3	6	8	8	8	8	9	9	10	10	11	11	12	12	12
0	0	0	0	0	0	0	0	0	0	0	0	0	0	0	0	0	0	0	0	0	0	0	0	0	0	0	0	0	0	0	0	0	0	0	0	0	0	0	0	0	0	0	0	0	0	0	0	0	0	0	4	4	6	6	7	8	9	9	9	10	10	10	10	10	10	10	10	11	11	10	9	9	10	10	10	11	11	11	12	12	11	12	14	14	14	14	16	16	16	16	16	15	13	13	12	13	15	15	13
0	0	0	0	0	0	0	0	0	0	0	0	0	0	0	0	0	0	0	0	1	1	1	1	1	1	1	1	1	1	1	1	1	1	1	1	1	1	1	2	2	2	5	5	5	6	5	5	5	5	17	46	51	55	58	61	62	63	65	68	69	70	71	69	72	73	74	75	76	75	74	74	69	66	66	63	65	65	67	69	82	78	83	83	82	86	85	87	90	93	93	90	86	84	85	83	84	83	77	74
1	1	1	1	1	1	1	1	1	1	1	1	0	0	0	0	0	0	0	0	0	0	0	0	0	0	0	0	0	0	0	0	0	0	0	0	0	0	0	0	1	1	1	1	1	1	1	1	2	2	2	6	7	7	7	7	7	7	7	8	8	8	8	10	11	11	11	11	13	11	11	9	9	10	10	9	9	9	9	9	9	8	8	8	9	9	10	10	9	9	9	8	10	9	7	7	7	7	7	6
0	0	0	0	0	0	0	0	0	0	0	0	0	0	0	0	0	0	0	0	0	0	0	0	0	0	0	0	0	0	0	0	0	0	0	0	0	0	0	1	1	1	1	1	1	1	1	1	1	1	2	10	13	13	15	17	17	18	18	19	19	20	21	22	22	22	22	23	23	23	23	23	22	22	22	20	19	18	18	17	18	17	14	13	14	14	14	11	10	10	10	8	6	5	5	6	6	4	3	3
1	1	1	1	0	0	0	0	1	1	1	1	1	1	1	1	2	3	3	3	3	3	3	3	3	3	3	3	3	3	3	3	3	3	3	3	3	2	2	2	2	2	2	1	1	0	1	2	5	8	19	43	48	49	53	55	58	61	67	70	70	72	74	76	78	79	79	80	79	79	74	75	75	72	73	68	64	62	55	53	57	54	55	54	50	53	57	57	64	66	66	68	72	72	73	73	72	75	76	77
0	0	0	0	0	0	0	0	0	0	0	0	0	0	0	0	0	0	0	0	0	0	0	0	0	0	0	0	0	0	0	0	0	0	0	0	0	0	0	0	0	0	0	0	0	0	0	0	0	0	1	5	6	6	6	6	6	6	6	6	6	6	6	6	6	6	6	6	6	6	6	5	4	4	4	3	2	2	2	2	2	3	3	2	2	2	2	2	2	1	1	1	1	1	1	1	1	1	1	1
15	14	14	16	17	16	16	15	16	15	16	16	15	14	13	11	11	11	13	13	14	15	14	13	12	14	14	14	15	16	16	15	15	15	15	15	17	16	15	14	13	13	16	17	16	14	14	15	14	13	16	28	37	38	43	46	47	48	48	47	49	50	52	50	51	51	52	54	52	51	50	47	45	45	43	41	38	33	35	34	35	33	30	29	26	24	23	21	20	27	29	29	28	29	29	28	32	35	35	33
0	0	0	0	0	0	0	0	0	0	0	0	0	0	0	0	0	0	0	0	0	0	0	0	0	0	0	0	0	0	0	0	0	0	0	0	0	0	0	0	0	0	0	0	0	0	0	0	0	0	0	12	21	22	22	26	27	31	33	33	33	33	33	33	33	34	35	35	35	35	33	33	31	33	33	33	32	31	30	28	27	27	26	25	23	23	23	24	20	18	17	18	16	15	15	14	18	18	19	20
0	0	0	0	0	0	0	0	0	0	0	0	0	0	0	0	0	0	0	0	0	0	0	0	0	0	0	0	0	0	0	0	0	0	0	0	0	0	0	0	0	0	0	0	0	0	0	0	0	0	0	2	2	2	2	2	2	2	2	2	2	2	2	2	2	2	1	1	1	1	1	1	1	1	1	1	0	0	0	0	0	0	0	0	0	0	0	0	0	0	0	1	1	1	1	1	1	1	1	1
0	0	0	0	0	0	0	0	0	0	0	0	0	0	0	0	0	0	0	0	0	0	0	0	0	0	0	0	0	0	0	0	0	0	0	0	0	0	0	0	0	0	0	0	0	0	0	0	0	0	2	29	29	30	31	32	34	35	40	41	42	44	44	44	45	48	51	54	55	55	58	55	56	54	53	50	50	49	51	51	47	45	45	48	49	47	42	43	43	39	36	34	33	33	30	28	28	27	28	28
0	0	0	0	0	0	0	0	0	0	0	0	0	0	0	0	0	0	0	0	0	0	0	0	0	0	0	0	0	0	0	0	0	0	0	0	0	0	0	0	0	0	0	0	0	0	2	3	3	3	3	3	3	3	3	3	3	3	3	3	3	3	3	3	3	2	2	2	1	1	1	1	1	1	1	0	0	0	0	0	0	0	0	0	0	0	0	0	0	0	0	0	0	0	0	0	0	0	0	0
2	2	2	2	1	1	1	1	1	1	1	1	1	1	1	1	1	1	1	2	2	2	2	1	1	1	1	1	1	1	1	1	1	1	1	1	1	1	1	2	2	2	2	2	2	2	2	2	2	1	2	11	13	15	15	17	18	18	18	19	19	26	31	31	31	32	32	33	33	33	29	30	30	29	28	25	26	27	29	29	29	28	28	28	26	26	25	23	22	22	23	23	22	21	19	22	24	22	21	21
5	4	4	5	5	4	4	4	4	4	4	4	4	4	3	3	3	2	2	2	2	2	2	2	2	2	1	1	1	1	0	0	0	0	0	0	0	0	0	0	0	0	0	0	0	0	1	1	1	2	13	24	30	31	32	34	34	35	37	40	42	44	47	50	50	54	55	58	57	57	60	61	61	60	61	60	60	61	62	58	55	55	53	48	46	46	47	47	45	45	43	41	41	40	41	40	41	40	36	34
0	0	0	0	0	0	0	0	0	0	0	0	0	0	0	0	0	0	0	0	0	0	0	0	0	0	0	0	0	0	0	0	0	0	0	0	0	0	0	0	0	0	0	0	0	0	0	0	0	1	1	6	6	6	6	7	7	7	7	7	7	7	7	7	8	8	9	9	8	8	9	9	10	8	7	7	7	7	7	6	6	6	6	6	5	6	6	7	6	5	7	6	6	6	6	6	6	6	6	7
0	0	0	0	0	0	0	0	0	0	0	0	0	0	0	0	0	0	0	0	0	0	0	0	0	0	0	0	0	0	0	0	0	0	0	0	0	0	0	0	0	0	0	0	0	1	2	2	2	2	3	6	6	7	7	7	7	7	7	7	7	7	7	7	7	7	7	7	7	7	7	8	3	3	3	2	2	2	2	2	2	2	2	2	3	4	4	4	7	7	9	8	9	11	12	15	15	17	18	18
0	0	0	0	0	0	0	0	0	0	0	0	0	0	0	0	0	0	0	0	0	0	0	0	0	0	0	0	0	0	0	0	0	0	0	0	0	0	0	0	0	0	0	0	0	0	0	0	0	0	0	2	5	7	7	7	7	7	7	8	9	10	11	11	11	11	12	12	12	12	12	12	12	12	13	13	14	14	15	16	17	15	16	15	15	15	14	14	14	15	16	17	18	18	18	17	15	15	15	15
1	1	1	1	1	1	1	1	2	2	2	2	2	2	2	2	2	2	2	2	2	2	2	2	2	2	2	0	0	0	0	0	0	0	0	0	0	0	0	0	0	0	0	2	2	2	2	2	2	2	2	8	8	9	10	10	10	11	11	11	11	12	14	14	13	12	12	12	12	12	13	12	13	11	11	11	12	12	12	11	11	11	11	11	10	11	11	10	10	10	9	9	9	8	7	7	7	5	5	4
0	0	0	0	0	0	0	0	0	0	0	0	0	0	0	0	0	0	0	0	0	0	0	0	0	0	0	0	0	0	0	0	0	0	0	0	0	0	0	1	1	1	1	1	1	1	1	1	1	1	2	28	28	28	30	30	30	31	32	34	39	39	39	39	40	40	40	40	40	38	38	38	36	36	36	37	35	35	36	35	35	38	35	28	29	29	29	25	25	27	27	27	26	26	26	26	27	29	29	30
0	0	0	0	0	0	0	0	0	0	0	0	0	0	0	0	0	0	0	0	0	0	0	0	0	0	0	0	0	0	0	0	0	0	0	0	0	0	0	0	0	0	0	0	0	0	0	0	0	0	0	6	6	8	9	9	13	18	18	18	20	20	22	22	23	23	24	25	26	27	28	30	30	32	32	32	30	28	29	27	27	29	31	31	31	30	30	30	28	25	25	24	23	22	23	22	24	25	24	24
0	0	0	0	0	0	0	0	0	0	0	0	0	0	0	0	0	0	0	0	0	0	0	0	0	0	0	0	0	0	0	0	0	0	0	0	0	0	0	0	0	0	0	0	0	0	0	0	0	0	1	24	35	36	40	47	52	52	54	55	55	57	59	60	62	64	66	73	72	73	70	72	71	72	72	75	73	69	69	67	63	60	55	59	57	59	58	59	57	54	55	54	53	53	53	51	51	49	50	50
0	0	0	0	0	0	0	0	0	0	0	0	0	0	0	0	0	0	0	0	0	0	0	0	0	0	0	0	0	0	0	0	0	0	0	0	0	0	0	0	0	0	0	0	0	0	0	0	0	0	0	11	11	12	12	12	13	21	21	23	23	24	24	25	25	25	25	25	26	25	22	21	21	21	21	21	19	19	20	20	17	26	39	37	40	41	39	41	43	48	52	59	59	60	60	63	67	68	68	75
0	0	0	0	0	0	0	0	0	0	0	0	0	0	0	0	0	0	0	0	0	0	0	0	0	0	0	0	0	0	0	0	0	0	0	0	0	0	0	0	0	0	0	0	0	0	0	0	0	0	0	33	36	40	40	41	44	49	49	59	66	70	74	76	79	80	85	86	85	85	83	81	79	75	72	70	67	60	57	51	46	43	42	37	32	29	25	23	19	16	13	13	11	11	11	11	11	8	9	10
47	49	48	52	53	48	52	51	51	52	51	51	56	55	54	58	58	52	51	53	54	55	57	54	54	60	60	59	63	66	71	69	72	71	72	75	77	76	74	74	73	75	73	72	69	68	65	63	61	57	49	44	36	35	33	32	30	28	27	24	23	20	19	17	17	17	15	15	16	17	18	18	16	17	17	17	15	16	15	14	16	18	18	18	19	18	17	19	19	23	23	23	23	23	25	23	25	25	28	29
0	0	0	0	0	0	0	0	0	0	0	0	0	0	0	0	0	0	0	0	0	0	0	0	0	0	0	0	0	0	0	0	0	0	0	0	0	0	0	0	0	0	0	0	0	0	2	3	7	7	7	7	7	8	8	8	8	9	9	10	11	11	11	11	11	11	10	10	10	10	11	11	10	10	8	8	7	5	5	4	4	4	6	6	6	4	4	4	4	5	5	5	5	5	5	5	5	4	4	4
1	1	1	1	1	1	1	1	1	1	1	0	0	0	0	0	0	0	0	0	0	0	0	0	0	0	0	0	0	0	0	0	0	0	0	0	0	0	0	0	0	0	0	0	0	0	0	0	2	2	2	3	3	3	3	3	3	3	3	3	3	3	3	3	3	4	4	4	4	4	5	4	3	4	4	4	4	4	4	4	4	4	3	4	4	4	4	4	4	3	3	3	3	3	3	3	2	1	1	1
43	42	42	40	41	39	37	38	39	40	37	37	35	39	38	37	39	38	35	33	31	32	36	35	34	36	39	38	39	42	41	41	42	43	43	43	41	40	37	36	35	40	42	40	45	46	45	47	47	43	42	42	40	37	36	34	36	37	41	45	46	48	53	54	59	62	64	60	59	63	61	62	62	60	60	62	63	63	62	65	63	66	65	59	60	60	61	62	61	60	56	53	52	50	49	48	42	37	37	35
0	0	0	0	0	0	0	0	0	0	0	0	0	0	0	0	0	0	0	0	0	0	0	0	0	0	0	0	0	0	0	0	0	0	0	0	0	0	0	0	0	0	0	0	0	0	0	0	8	9	10	10	10	10	10	11	11	11	11	11	12	13	13	14	14	14	14	14	14	14	13	12	12	12	12	12	11	11	11	11	11	11	9	9	7	7	6	6	6	2	3	3	3	5	6	6	6	7	7	8
0	0	0	0	0	0	0	0	0	0	0	0	0	0	0	0	0	0	0	0	0	0	0	0	0	0	0	0	0	0	0	0	0	0	0	0	0	0	0	0	0	0	0	0	0	0	0	1	3	3	3	3	3	5	6	8	9	11	11	11	11	11	11	11	11	11	11	10	12	12	12	12	12	12	12	11	10	10	10	10	9	10	10	10	9	8	7	7	7	7	8	8	7	7	8	8	9	8	8	8
0	0	0	0	0	0	0	0	0	0	0	0	0	0	0	0	0	0	0	0	0	0	0	0	0	0	0	0	0	0	0	0	0	0	0	0	0	0	0	0	0	0	0	0	0	0	0	0	1	1	1	1	1	1	1	2	2	2	2	3	3	4	4	5	5	5	5	5	5	6	5	5	6	6	7	7	7	7	7	7	7	7	7	6	8	7	7	7	6	6	6	6	6	6	6	6	6	6	5	5
0	0	0	0	0	0	0	0	0	0	0	0	0	0	0	0	0	0	0	0	0	0	0	0	0	0	1	1	1	1	1	1	1	1	1	1	1	1	1	1	2	2	2	2	2	2	2	3	7	7	7	8	8	8	8	9	10	10	10	10	10	12	12	12	12	12	11	11	9	9	9	9	8	8	7	7	7	6	5	6	8	9	9	9	10	9	9	9	9	9	9	9	9	9	10	10	10	10	10	9
1	1	1	1	1	1	1	1	1	1	1	1	1	1	1	1	1	1	1	1	1	1	1	0	0	0	0	0	0	0	0	0	0	0	0	0	0	0	0	0	0	0	0	0	0	0	0	0	2	3	3	3	3	4	4	5	5	5	5	6	6	6	7	8	8	8	8	8	9	10	10	11	11	12	12	11	11	11	11	11	10	9	9	9	9	9	9	9	8	9	10	10	10	10	10	9	9	9	6	5
0	0	0	0	0	0	0	0	0	0	0	0	0	0	0	0	0	0	0	0	0	0	0	0	0	0	0	0	0	0	0	0	0	0	0	0	0	0	0	0	0	0	0	0	0	0	0	0	4	4	4	4	4	4	4	4	4	6	6	6	6	6	6	6	6	6	6	6	5	5	5	6	6	6	6	7	7	7	10	9	8	9	8	9	9	9	9	9	9	9	8	8	8	9	10	10	9	9	9	8
3	3	2	2	2	2	2	1	1	1	1	1	1	1	0	0	0	0	0	0	0	0	0	0	0	0	0	0	0	0	0	0	0	0	0	0	0	0	0	0	0	0	0	0	0	0	0	0	3	3	3	3	3	3	3	3	3	3	3	3	3	2	0	0	0	0	0	0	0	0	0	0	0	0	0	0	0	0	0	0	0	2	2	2	2	2	2	2	3	3	3	3	3	3	3	3	3	3	3	2
0	0	0	0	0	0	0	0	0	0	0	0	0	0	0	0	0	0	0	0	0	0	0	0	0	0	0	0	0	0	0	0	0	0	0	0	0	0	0	0	0	0	0	0	0	0	0	0	4	6	7	7	7	7	7	7	7	8	8	8	8	8	9	9	9	9	9	9	9	8	6	6	6	6	7	7	7	8	8	8	8	9	9	8	8	7	7	7	4	4	4	4	4	5	4	5	5	5	5	5
0	0	0	0	0	0	0	0	0	0	0	0	0	0	0	0	0	0	0	0	0	0	0	0	0	0	0	0	0	0	0	0	0	0	0	0	0	0	0	0	0	0	0	0	0	0	0	3	10	10	11	14	14	14	14	14	14	15	16	16	16	18	18	18	17	17	17	17	16	15	15	15	15	15	17	17	17	16	17	16	16	15	14	14	13	13	13	13	12	13	13	10	12	12	12	12	11	9	7	7
0	0	0	0	0	0	0	0	0	0	0	0	0	0	0	0	0	0	0	0	0	0	0	0	0	0	0	0	0	0	0	0	0	0	0	0	0	0	0	0	0	0	0	0	0	0	0	0	4	4	4	4	4	4	4	4	4	4	4	5	5	5	5	5	4	5	5	5	5	5	5	5	5	5	5	4	4	4	4	4	5	4	4	3	3	3	2	2	2	2	1	1	1	1	1	1	1	1	1	1
3	2	2	2	2	2	2	2	2	2	2	2	2	2	2	2	2	2	2	2	2	2	2	2	2	2	1	1	1	1	1	1	1	1	0	0	0	1	1	1	1	1	1	1	1	1	1	6	15	16	16	17	18	18	18	19	19	21	25	29	35	36	38	40	41	46	48	48	48	48	50	46	48	46	45	46	45	45	44	41	40	36	37	37	35	34	30	29	26	25	26	27	30	32	31	32	33	38	36	38
1	1	1	1	1	1	1	1	1	1	1	1	1	1	1	1	1	1	1	1	1	1	1	1	1	1	1	1	1	1	1	0	0	0	0	0	0	0	0	0	0	0	0	0	0	0	0	0	4	4	4	5	5	6	8	10	10	10	10	10	10	10	12	12	13	13	13	12	12	12	13	13	13	14	16	17	18	18	18	18	18	19	18	17	17	17	15	17	17	15	13	15	15	15	15	15	15	15	15	14
0	0	0	0	0	0	0	0	0	0	0	0	0	0	0	0	0	0	0	0	0	0	0	0	0	0	0	0	0	0	0	0	0	0	0	0	0	0	0	0	0	0	0	0	0	1	4	4	11	16	16	17	17	18	19	20	20	20	20	20	20	20	20	21	21	20	18	17	15	15	14	13	12	12	11	13	12	11	12	9	10	11	12	15	16	18	17	18	20	21	22	21	22	23	24	26	27	27	27	27
1	1	1	1	1	1	1	1	1	1	1	1	1	1	0	0	0	0	0	0	0	0	0	0	0	0	0	0	0	0	0	0	0	0	0	0	0	0	0	0	0	0	0	0	0	0	0	1	12	12	12	12	13	13	13	14	17	18	18	18	18	18	20	24	26	27	27	29	30	30	30	29	29	30	29	31	28	25	25	25	25	26	27	29	28	27	28	27	25	25	26	28	26	26	28	27	24	26	25	24
0	0	0	0	0	0	0	0	0	0	0	0	0	0	0	0	0	0	0	0	0	0	0	0	0	0	0	0	0	0	0	0	0	0	0	0	0	0	0	0	0	0	0	0	0	0	0	0	2	2	2	2	2	2	2	4	4	4	4	4	4	4	4	5	6	6	4	4	5	5	5	5	5	4	5	5	5	5	5	5	5	4	4	4	4	4	4	4	3	4	4	4	4	4	4	4	5	5	4	4
0	0	0	0	0	0	0	0	0	0	0	0	0	0	0	0	0	0	0	0	0	0	0	0	0	0	0	0	0	0	0	0	0	0	0	0	0	0	0	0	0	0	0	0	0	0	0	0	4	6	6	6	6	7	8	8	8	9	9	9	9	9	9	9	9	9	7	7	7	7	8	8	8	8	8	8	8	8	8	6	7	7	6	6	6	7	6	5	6	6	6	6	6	6	6	5	6	6	6	4
1	0	0	0	0	0	0	0	0	0	1	1	1	1	1	1	1	1	1	1	1	1	1	1	1	1	1	1	1	1	1	1	1	1	1	1	1	2	1	1	1	1	1	1	1	1	1	1	6	7	8	8	9	11	16	16	16	16	17	18	19	19	20	21	21	21	21	21	21	20	20	21	21	19	20	18	19	19	21	20	25	24	25	25	24	25	24	26	31	31	32	33	33	32	33	34	35	35	35	35
37	37	38	36	34	34	33	35	35	34	34	34	36	35	35	37	40	41	42	42	43	41	39	40	41	39	38	44	45	48	49	49	52	52	53	54	52	55	55	58	62	68	71	71	72	69	69	79	140	206	219	222	231	240	246	250	255	269	282	289	296	303	318	322	332	339	332	331	322	323	331	331	330	331	334	331	331	333	316	319	306	290	282	265	248	241	246	242	241	240	226	221	214	214	224	224	228	226	227	231
0	0	0	0	0	0	0	0	1	1	1	1	1	1	1	1	1	1	1	1	1	1	1	1	1	1	1	1	1	1	0	0	0	0	0	0	0	0	0	1	1	1	2	2	3	3	3	3	8	11	13	13	13	14	15	17	18	18	18	19	19	19	20	19	20	20	19	17	17	17	17	18	18	19	20	18	17	17	15	15	14	13	12	12	12	11	11	10	10	10	7	5	5	5	5	5	5	4	4	4
0	0	0	0	0	0	0	0	0	0	0	0	1	1	1	1	1	2	2	2	4	4	5	5	5	5	5	5	5	5	5	5	5	5	5	5	5	5	5	6	6	6	6	6	5	5	5	4	15	20	22	24	25	24	26	27	28	30	30	31	30	31	32	32	32	31	31	33	32	33	34	32	33	37	40	40	36	37	37	37	38	35	37	36	38	37	36	35	34	32	33	31	31	30	29	31	32	32	32	32
25	32	35	39	43	44	47	47	48	50	51	51	54	57	64	66	68	67	69	73	73	73	75	76	77	80	80	77	78	77	80	75	71	71	72	74	78	76	73	73	74	76	75	72	74	77	75	70	70	64	63	62	60	61	60	62	61	62	65	64	64	66	65	59	59	61	64	66	68	71	74	73	70	68	70	70	73	80	79	78	83	86	91	90	87	89	89	91	90	91	90	87	87	86	82	81	79	78	77	74
0	0	0	0	0	0	0	0	0	0	0	0	0	0	0	0	0	0	0	0	0	0	0	0	0	0	0	0	0	0	0	0	0	0	0	0	0	0	0	0	0	0	0	0	0	0	0	0	8	8	10	10	13	13	16	17	19	19	19	19	19	19	20	22	25	26	27	28	28	27	26	24	24	24	23	21	21	21	21	22	22	22	21	19	19	21	22	22	22	23	22	21	21	20	20	20	20	22	24	23
4	4	5	5	4	4	5	7	7	7	7	7	8	8	8	8	8	8	9	9	9	9	9	9	9	9	8	9	9	9	9	9	9	8	9	8	6	7	7	5	5	6	6	6	5	6	11	10	18	18	18	18	24	24	28	28	29	31	33	33	35	36	40	44	44	44	44	45	46	47	46	44	44	44	45	42	40	42	45	44	46	43	39	38	37	38	37	34	34	32	30	31	30	27	27	24	23	22	21	21
0	0	0	0	0	0	0	0	0	0	0	1	1	1	1	1	1	1	1	1	1	1	1	1	1	1	1	0	0	0	0	0	0	0	0	0	0	0	0	0	0	0	0	0	0	0	0	0	9	9	9	9	11	11	11	11	11	12	14	16	16	17	18	18	18	18	18	17	17	15	15	14	15	14	13	11	11	12	12	11	11	9	10	9	9	8	8	9	10	10	13	12	12	12	12	12	11	11	11	11
13	13	13	12	11	11	11	9	9	8	9	9	9	9	8	8	7	6	6	6	5	5	6	6	8	8	8	10	10	11	13	14	14	13	12	12	12	12	12	12	12	12	12	12	12	12	12	10	10	6	6	5	4	4	4	5	5	5	5	5	5	5	4	4	4	5	5	4	4	7	7	7	8	8	9	11	11	11	10	10	11	12	12	13	13	13	13	13	13	13	12	11	11	11	11	11	10	10	9	10
2	2	2	2	2	2	2	2	2	2	2	2	2	2	0	0	0	0	0	0	0	0	0	0	0	0	0	0	0	0	0	0	0	0	0	0	0	0	0	0	0	0	0	0	0	0	0	0	4	4	4	4	5	5	5	5	5	5	5	5	5	5	5	5	6	6	6	6	5	4	4	3	3	3	3	3	3	2	2	2	1	1	1	1	1	1	1	1	1	2	2	3	4	5	6	6	7	7	7	7
0	0	0	0	0	0	0	0	0	0	0	0	0	0	1	1	1	1	1	1	1	1	1	1	1	1	1	1	1	1	1	2	2	2	2	2	2	2	2	2	2	2	3	3	3	3	2	3	6	8	8	9	9	9	13	17	18	21	22	22	24	26	26	25	25	25	25	25	25	27	27	29	31	32	31	32	32	32	32	30	30	28	19	19	19	18	19	19	18	19	19	16	17	17	16	17	16	16	14	14
0	0	0	0	0	0	0	0	0	0	0	0	0	0	0	0	0	0	0	0	0	0	0	0	0	0	0	0	0	0	0	0	0	0	0	0	0	0	0	0	0	0	0	0	0	0	0	1	34	38	38	40	43	44	50	59	69	72	78	83	100	114	125	132	138	143	144	142	145	142	146	149	157	157	158	154	161	167	161	158	148	147	139	139	138	141	146	143	139	135	149	159	158	154	155	159	163	163	166	172
0	0	0	0	0	0	0	0	0	0	0	0	0	0	0	0	0	0	0	0	0	0	0	0	0	0	0	0	0	0	0	0	0	0	0	0	0	0	0	0	0	0	0	0	0	0	1	4	9	9	9	9	9	9	10	10	10	10	10	10	10	11	12	12	13	13	13	14	15	15	17	16	17	15	16	18	18	19	17	17	16	17	17	18	18	17	17	17	16	16	15	15	14	13	13	13	11	11	8	8
2	2	2	2	2	2	2	2	2	2	2	2	2	2	2	1	1	1	1	1	1	1	1	1	1	1	1	2	2	2	1	1	1	1	1	1	1	1	2	2	2	2	2	2	2	2	2	2	12	13	14	15	15	16	17	18	18	21	22	22	25	26	27	26	28	28	27	27	27	27	27	29	28	27	27	24	24	22	23	23	22	21	21	19	19	20	20	18	16	20	21	22	22	22	22	21	23	22	25	24
0	0	0	0	0	0	0	0	0	0	0	0	0	0	0	0	0	0	0	0	0	0	0	0	0	0	0	0	0	0	0	0	0	0	0	0	0	0	0	0	0	0	0	0	0	0	0	1	3	5	5	5	6	7	7	9	10	11	11	12	12	12	14	15	17	18	18	18	18	21	21	19	20	20	22	22	21	23	23	25	25	25	24	24	24	22	20	20	19	19	19	19	20	19	17	17	20	20	18	19
0	0	0	0	0	0	0	0	0	0	0	0	0	0	0	1	1	2	2	2	2	3	3	3	3	3	3	3	3	3	3	3	3	3	3	3	3	3	3	2	2	2	2	1	2	4	4	4	8	8	13	16	16	17	18	19	20	20	20	21	21	22	22	22	23	23	25	25	24	24	23	22	22	20	19	18	17	15	14	14	13	12	11	10	10	10	9	8	5	5	5	5	6	8	9	9	7	7	6	6
11	12	12	12	11	11	11	11	11	9	8	7	6	5	5	5	4	4	4	4	4	5	4	4	6	7	7	7	7	8	7	7	7	8	8	8	7	8	8	8	8	8	8	9	10	11	12	11	15	18	20	20	20	22	21	21	21	21	21	22	22	26	27	27	28	28	29	29	29	29	30	28	26	26	26	26	25	25	23	23	21	20	20	20	18	16	15	12	9	9	9	11	10	10	10	10	10	9	9	9
0	0	1	1	1	1	1	1	1	1	1	1	1	1	1	1	1	1	1	1	1	0	0	0	0	0	0	0	0	0	0	0	0	0	0	0	0	0	0	0	0	0	0	0	0	1	1	2	7	8	8	8	8	9	10	11	12	12	12	14	15	18	24	24	24	25	30	30	33	34	37	38	38	38	37	35	36	34	35	34	33	32	30	27	26	24	22	22	20	19	21	17	21	21	23	24	24	27	28	27
0	0	0	0	0	0	0	0	0	0	0	0	0	0	0	0	0	0	0	0	0	0	0	0	0	0	0	0	0	0	0	0	0	0	0	0	0	0	0	0	0	0	0	0	0	0	0	0	1	1	1	1	1	1	1	1	1	1	1	2	2	2	2	2	2	2	2	3	3	3	3	3	3	3	3	3	3	2	3	3	2	2	2	2	1	1	1	1	1	1	1	1	1	1	1	1	1	1	1	1
0	0	0	0	0	0	0	0	0	0	0	0	0	0	0	0	0	0	0	0	0	0	0	0	0	0	0	0	0	0	0	0	0	0	0	0	0	0	0	0	0	0	0	0	0	0	1	7	299	328	455	590	712	909	1019	1023	1079	1109	1143	1194	1202	1246	1278	1306	1334	1359	1372	1372	1372	1368	1368	1375	1326	1284	1239	1198	1184	1105	1050	1028	982	975	1020	1016	984	976	958	952	974	953	947	923	930	922	917	932	915	912	932	903
0	0	0	0	0	0	0	0	0	0	0	0	0	0	0	0	0	0	0	0	0	0	0	0	0	0	0	0	0	0	0	0	0	0	0	0	0	0	0	0	0	0	0	0	0	0	0	0	4	4	4	5	5	6	6	6	6	6	6	6	7	7	7	7	7	7	7	7	6	6	6	6	6	6	6	6	7	7	7	6	6	6	6	6	6	6	6	6	6	5	4	3	3	3	3	3	3	3	3	3
0	0	0	0	0	0	0	0	0	0	0	0	0	0	0	0	0	0	0	0	0	0	0	0	0	0	0	0	0	0	0	0	0	0	0	0	0	0	0	0	0	0	0	0	0	0	0	0	7	11	11	12	17	20	21	21	22	23	23	26	26	26	27	30	30	34	32	39	41	41	41	40	38	39	38	37	36	35	35	36	35	36	35	35	38	39	38	36	35	36	36	36	36	33	33	33	32	31	35	32
2	1	1	0	0	0	0	0	0	0	0	0	0	0	0	0	0	0	0	0	1	1	1	1	2	2	2	2	2	2	2	2	2	2	4	4	4	4	4	4	4	4	4	4	4	3	3	4	8	11	11	11	12	12	12	13	11	11	11	11	12	13	14	14	15	15	15	16	16	16	16	16	17	16	15	16	19	17	17	18	16	17	16	16	16	16	16	15	15	15	15	15	13	13	9	9	9	8	7	8
0	0	0	0	0	0	0	0	0	0	0	0	0	0	0	0	0	0	0	0	0	0	0	0	1	1	1	1	1	1	1	1	1	1	1	1	1	1	1	0	0	0	0	0	0	0	0	0	3	3	3	3	3	3	5	5	5	5	5	5	5	5	6	7	8	9	8	8	10	10	11	11	11	11	12	12	11	12	12	11	11	11	11	12	10	10	10	8	7	6	6	5	5	5	6	4	4	4	4	4
1	1	1	1	1	1	1	0	0	0	0	0	0	0	0	0	0	0	0	0	0	0	0	0	0	0	0	0	0	0	0	0	0	0	0	0	0	0	0	0	0	0	0	0	0	0	0	0	6	6	6	6	6	6	6	7	8	10	11	11	11	12	13	15	16	16	19	18	18	18	19	19	19	18	18	18	17	16	15	14	14	14	13	12	13	12	12	11	8	7	7	7	7	6	7	7	7	7	7	7
0	0	0	0	0	0	0	0	0	0	0	0	0	0	0	0	0	0	0	0	0	0	0	0	0	0	0	0	0	0	0	0	0	0	0	0	0	0	0	0	0	0	0	0	0	0	1	2	30	34	39	41	41	42	43	43	43	43	43	43	43	43	44	45	45	45	45	39	36	34	32	27	27	27	28	28	25	26	28	33	30	29	29	31	31	32	34	33	36	36	38	38	38	40	37	37	38	35	34	33
0	0	0	0	0	0	0	0	0	0	0	0	0	0	0	0	0	0	0	0	0	0	0	0	0	0	0	0	0	0	0	0	0	0	0	0	0	0	0	1	1	1	1	1	1	1	1	2	35	36	39	44	45	49	50	50	50	50	50	51	52	54	54	55	56	53	36	34	35	34	31	32	32	33	32	32	35	34	34	35	37	39	38	37	34	34	33	33	31	29	29	28	29	28	27	26	23	21	21	19
0	0	0	0	0	0	0	0	0	0	0	0	0	0	0	0	0	0	0	0	0	0	0	0	0	0	0	0	0	0	0	0	0	0	0	0	0	0	0	0	0	0	0	0	0	0	0	0	1	2	2	2	2	2	2	2	2	2	3	3	3	3	4	4	4	4	4	4	5	5	5	4	4	4	4	4	3	3	3	3	3	3	3	4	4	4	4	4	3	3	2	4	4	3	3	3	3	3	4	4
0	0	0	0	0	0	0	0	0	0	0	1	1	1	1	1	1	1	1	1	1	1	2	2	2	2	2	2	2	2	2	2	3	3	3	3	3	4	4	4	4	4	4	3	3	3	4	14	523	560	579	635	680	693	717	739	755	784	798	822	857	888	891	911	937	963	967	933	920	906	899	851	831	821	839	845	828	825	842	849	887	878	883	941	979	986	969	955	970	1012	1003	1019	1057	1072	1085	1095	1091	1058	1042	1052
0	0	0	0	0	0	0	0	0	0	0	0	0	0	0	0	0	0	0	0	0	0	0	0	1	1	1	1	1	1	1	1	1	1	1	1	1	1	1	1	1	1	1	1	1	1	1	0	6	7	8	8	9	10	11	12	13	13	18	19	25	25	31	33	37	40	39	42	43	44	43	44	44	47	47	46	46	46	46	45	46	46	47	45	45	46	45	43	38	35	34	34	31	29	28	25	25	23	24	23
0	0	0	0	0	0	0	0	0	0	0	0	0	0	0	0	0	0	0	0	0	0	0	0	0	0	0	0	0	0	0	0	0	0	0	0	0	0	0	0	0	0	0	0	0	0	0	15	35	44	45	46	50	53	55	58	59	62	63	63	63	65	66	66	66	66	67	69	68	67	66	64	61	60	56	53	45	41	38	39	35	35	27	24	27	27	28	27	29	32	32	32	34	33	35	34	35	36	38	38
0	0	0	0	0	0	0	0	0	0	0	0	0	0	0	0	0	0	0	0	0	0	0	0	0	0	0	0	0	0	0	0	0	0	0	0	0	0	0	0	0	0	0	0	0	0	0	0	2	3	3	3	3	3	3	3	3	3	3	4	4	7	7	7	7	7	7	6	6	7	7	8	8	9	8	8	8	8	8	9	7	7	7	7	7	7	7	7	7	7	8	7	6	5	4	4	4	4	4	3
1	1	0	0	0	0	0	0	0	0	0	0	0	0	0	0	0	0	0	0	0	0	0	0	0	0	0	0	0	0	0	0	0	0	0	0	0	0	0	0	0	0	0	0	0	0	0	1	3	3	3	3	3	3	3	3	3	3	3	3	3	3	3	3	4	4	5	5	5	5	4	3	3	2	2	3	4	4	4	4	4	4	4	4	3	3	3	3	4	4	4	4	4	4	4	3	3	3	3	3
0	0	0	0	0	0	0	0	0	0	0	0	0	0	0	0	0	0	0	0	0	0	0	0	0	0	0	0	0	0	0	0	0	0	0	1	1	2	2	2	2	2	2	2	2	2	8	11	118	139	153	174	187	208	230	241	257	276	281	287	296	306	313	320	326	328	326	327	329	324	319	310	304	290	278	278	276	264	263	255	248	249	242	239	238	232	225	211	209	206	201	193	181	175	163	157	152	143	125	124
0	0	0	0	0	0	0	0	0	0	0	0	0	0	0	0	0	0	0	0	0	0	0	0	0	0	0	0	0	0	0	0	0	0	0	0	0	0	0	0	0	0	0	0	0	0	0	1	5	5	5	5	5	6	6	6	6	6	8	8	11	13	14	14	14	13	14	14	11	13	14	14	15	16	16	16	16	17	16	16	15	15	15	14	13	13	15	15	15	15	15	15	17	17	19	15	14	14	14	15
0	0	0	0	0	0	0	0	0	0	0	0	0	0	0	0	0	0	0	0	0	0	0	0	0	0	0	0	0	0	0	0	0	0	0	0	0	0	0	0	0	0	0	0	0	1	1	2	5	6	7	7	9	9	9	10	10	11	12	12	12	13	13	13	14	14	14	13	13	12	12	12	12	13	13	12	12	12	12	12	12	12	11	9	8	8	8	7	6	6	6	6	7	7	7	7	6	5	5	5
0	0	0	0	0	0	0	0	0	0	0	0	0	0	0	0	0	0	0	0	0	0	0	0	0	0	0	0	0	0	0	0	0	0	0	0	0	0	0	0	0	0	0	0	0	0	0	0	4	10	11	11	12	12	13	13	13	13	13	13	13	13	13	13	13	13	13	11	11	10	9	9	9	9	8	7	8	8	8	7	8	7	7	6	6	6	5	5	5	5	5	4	3	4	4	4	3	3	3	3
1	1	1	1	1	1	1	1	1	1	1	1	1	1	0	0	0	0	0	0	0	0	0	0	0	0	0	0	0	0	0	0	0	0	0	0	0	0	0	0	0	0	1	1	1	1	1	1	17	25	31	32	32	37	37	37	37	37	37	37	37	37	40	40	40	40	40	40	42	41	40	23	23	21	19	18	17	15	14	15	13	13	14	15	14	13	12	10	11	11	11	8	9	11	12	13	13	13	13	13
0	0	0	0	0	0	0	0	0	0	0	0	0	0	1	1	1	1	1	1	1	1	1	1	1	1	1	1	1	1	1	1	1	1	1	1	1	1	1	0	0	0	0	0	0	0	0	0	2	4	6	7	7	7	7	7	7	7	7	7	7	7	8	8	8	8	9	9	8	8	8	8	7	7	7	7	7	6	5	5	5	5	5	5	4	3	3	3	2	1	1	0	0	0	0	0	0	0	0	0
1	1	1	1	1	1	1	1	1	1	2	2	2	2	2	2	2	2	2	2	2	2	2	2	2	2	2	2	2	2	2	2	1	1	1	0	0	0	0	0	0	0	0	0	0	0	0	0	7	7	7	7	7	8	10	11	11	11	11	11	11	11	11	11	11	11	11	11	11	14	14	13	14	13	12	12	11	11	12	12	11	10	11	10	10	10	10	10	10	11	10	10	9	9	9	9	8	7	6	6
0	0	0	0	0	0	1	1	1	1	1	1	1	1	1	1	1	1	1	1	1	1	1	1	0	0	0	0	0	0	0	0	0	0	0	0	0	0	0	0	0	0	0	0	0	0	0	0	3	4	4	4	6	6	6	6	6	7	8	8	8	8	8	8	9	9	9	9	9	8	8	8	8	8	7	6	6	5	5	4	3	3	4	4	4	4	4	5	5	5	5	5	6	5	6	6	6	6	6	5
0	0	0	0	0	0	0	0	0	0	0	0	0	0	0	0	0	0	0	0	0	0	0	0	0	0	0	0	0	0	0	0	0	0	0	0	0	0	0	0	0	0	0	0	0	0	0	0	5	6	8	8	8	8	8	8	8	8	9	9	9	9	9	9	9	9	9	9	9	8	8	9	11	10	10	8	8	8	8	7	7	7	7	7	7	6	5	6	5	5	5	5	4	3	5	5	5	5	6	6
3	4	4	4	4	4	4	4	4	4	4	4	3	3	3	3	3	3	3	3	3	3	3	3	4	5	6	7	6	7	7	7	7	7	7	7	7	7	7	7	7	7	6	5	5	6	6	7	20	21	21	21	21	26	27	27	28	28	30	30	30	30	33	33	34	36	36	38	37	34	33	33	34	32	27	28	27	28	24	25	25	26	25	25	21	19	16	16	16	15	14	16	16	14	16	16	20	22	23	25
6	5	5	5	5	4	4	4	4	4	4	5	5	3	5	6	6	6	6	6	6	6	6	8	7	7	7	7	7	7	7	7	7	7	7	8	9	9	9	10	9	11	11	11	11	10	11	12	94	100	100	107	111	116	117	126	126	126	129	132	136	139	140	141	140	139	143	141	137	133	123	119	118	114	110	106	102	103	100	99	94	88	84	82	80	76	79	81	89	90	94	95	96	97	98	95	98	101	98	96
0	0	0	0	0	0	0	0	0	0	0	0	0	0	0	0	0	0	0	0	0	0	0	0	0	0	0	0	0	0	0	0	0	0	0	0	0	0	0	0	0	0	0	0	0	0	0	0	3	3	3	3	3	4	4	4	4	4	4	4	4	4	4	5	5	5	5	5	5	5	5	5	4	4	3	3	3	3	3	4	4	4	4	3	3	3	3	3	3	2	2	2	2	2	2	2	1	1	1	1
0	0	0	0	0	0	0	0	0	0	0	0	0	0	0	0	0	0	0	0	0	0	0	0	0	0	0	0	0	0	0	0	0	0	0	0	0	0	0	0	0	0	0	0	0	0	0	3	14	14	14	14	14	14	14	17	17	17	17	17	19	20	20	20	20	20	18	19	19	19	17	16	16	16	17	14	14	14	13	12	12	11	10	10	11	11	10	10	10	10	10	10	10	10	11	12	11	10	10	9
0	0	0	0	0	0	0	0	0	0	0	0	0	0	0	0	0	0	0	0	0	0	0	0	0	0	0	0	0	0	0	0	0	0	0	0	0	0	0	0	0	0	0	0	0	0	0	0	2	2	2	3	3	3	3	3	3	3	3	3	4	4	4	4	4	4	4	4	4	4	3	3	3	2	2	2	2	2	2	2	2	2	2	2	2	2	2	2	2	1	1	1	3	4	4	4	4	4	4	4
17	17	17	17	16	16	15	14	12	11	10	6	6	6	4	1	1	1	1	1	1	1	1	1	1	1	0	0	0	0	0	0	0	0	0	0	0	0	0	0	0	0	0	0	0	0	0	1	94	102	104	109	114	123	133	137	146	148	152	157	163	167	169	177	178	186	192	190	194	197	187	185	184	182	177	172	171	168	162	156	153	151	147	143	140	136	118	114	102	76	56	59	105	109	117	122	127	132	136	144
0	0	0	0	0	0	0	0	0	0	0	0	0	0	0	0	0	0	0	0	0	0	0	0	0	0	0	0	0	0	0	0	0	0	0	0	0	0	0	0	0	0	0	0	0	0	0	0	4	5	5	5	5	5	5	5	5	5	5	5	5	5	5	5	5	5	5	4	4	4	3	3	4	3	3	4	4	3	3	3	3	3	3	3	2	2	2	2	3	3	3	3	3	4	4	2	4	5	5	5
0	0	0	0	0	0	0	0	0	0	0	0	0	0	0	0	0	0	0	0	0	0	0	0	0	0	0	0	0	0	0	0	0	0	0	0	0	0	0	0	0	0	0	0	0	0	0	2	6	6	6	6	6	7	7	7	7	7	7	7	7	7	7	7	7	8	8	7	6	6	6	6	5	2	2	2	2	2	3	3	3	3	3	3	4	4	4	4	5	5	6	6	6	6	6	6	6	6	6	7
1	1	1	1	1	1	1	1	1	1	1	1	1	1	0	0	0	0	0	0	0	0	0	0	0	0	0	0	0	0	1	1	1	1	1	1	1	1	1	1	1	1	1	1	1	1	1	1	10	10	10	10	10	11	11	12	12	12	12	14	15	16	16	16	16	16	16	15	15	15	15	15	14	14	13	13	9	8	8	7	6	6	6	6	5	5	0	0	0	0	0	0	0	0	0	0	1	2	2	2
0	0	0	0	0	0	0	0	0	0	0	0	0	0	0	0	0	0	0	0	0	0	0	0	0	0	0	0	0	0	0	0	0	0	0	1	1	1	1	1	1	1	1	1	1	1	1	1	4	4	4	3	4	5	5	6	11	13	13	16	17	18	18	18	19	19	20	22	24	24	25	24	25	26	27	27	27	26	24	23	22	22	23	24	25	23	23	23	23	23	24	22	20	20	18	16	13	13	14	13
2	2	2	2	2	2	2	2	2	2	2	2	2	3	3	3	3	3	3	3	3	3	3	2	2	2	4	4	4	4	4	4	4	4	4	4	4	4	4	4	4	4	3	29	33	33	35	37	72	76	77	79	79	82	86	86	89	90	91	92	93	95	95	93	89	90	90	89	85	81	78	78	75	73	68	63	62	60	63	63	64	55	53	57	56	58	56	55	54	59	61	62	62	62	65	65	65	65	67	68
0	0	0	0	0	0	0	0	0	0	0	0	0	0	0	0	0	0	0	0	0	0	0	0	0	0	0	0	0	0	0	0	0	0	0	0	0	0	0	0	0	0	0	0	0	0	0	0	7	8	8	8	8	8	8	9	9	9	10	11	11	11	11	12	12	13	13	11	10	10	10	10	10	10	9	9	8	8	8	8	8	8	8	8	8	8	8	8	8	8	7	6	6	5	3	3	3	3	1	1
0	0	0	0	0	0	0	0	0	0	0	0	0	0	0	0	0	0	0	0	0	0	0	0	0	0	0	0	0	0	0	0	0	0	0	0	0	0	0	0	0	0	0	0	0	0	0	2	13	13	16	16	18	18	20	20	23	23	25	25	26	26	26	28	28	28	28	27	27	25	23	21	22	23	21	20	22	19	18	17	18	15	16	17	18	18	18	18	18	17	18	17	17	16	17	19	18	18	17	16
0	0	0	0	0	0	0	0	0	0	0	0	0	0	0	0	0	0	0	0	0	0	0	0	0	0	0	0	0	0	0	0	0	0	0	0	0	0	0	0	0	0	0	0	0	0	0	0	5	6	7	7	7	7	7	7	7	7	8	11	12	13	14	14	14	14	14	14	14	13	14	14	13	12	12	12	12	11	9	9	9	8	7	6	6	6	5	6	6	6	6	6	5	5	6	7	9	10	10	10
0	0	0	0	0	0	0	0	0	0	0	0	0	0	0	0	0	0	0	0	0	0	0	0	0	0	0	0	0	0	0	0	0	0	0	0	0	0	0	0	0	0	0	0	0	0	0	0	5	10	11	13	15	15	15	16	17	18	18	18	20	20	20	22	22	22	22	19	19	19	19	18	18	18	15	15	15	15	13	13	12	11	10	10	9	7	8	8	8	7	5	4	4	3	3	3	3	3	3	3
0	0	0	0	0	0	0	0	0	0	0	0	0	0	0	0	0	0	0	0	0	0	0	0	0	0	0	0	0	0	0	0	0	0	0	0	0	0	0	0	0	0	0	0	0	0	0	0	2	4	4	4	5	5	5	6	6	7	7	8	8	8	8	8	8	10	10	13	13	14	14	14	13	13	13	13	13	14	14	14	13	13	13	12	12	12	12	11	10	10	10	9	8	9	8	8	9	9	9	10
1	1	1	1	1	1	1	0	0	0	0	0	0	0	0	0	0	0	0	0	0	0	0	0	0	0	0	0	0	0	0	0	0	0	0	0	0	0	0	0	0	0	0	0	0	0	1	3	15	15	15	17	17	18	18	21	21	21	22	22	23	24	25	25	25	24	21	22	22	22	20	19	19	18	19	19	18	18	17	18	19	19	19	20	23	23	22	22	22	22	21	24	26	28	32	31	33	34	37	41
0	0	0	0	0	0	0	0	0	0	0	0	0	0	0	0	0	0	0	0	0	0	0	0	0	0	0	0	0	0	0	0	0	0	0	0	0	0	0	0	0	0	0	0	0	0	0	0	4	4	5	5	5	5	5	5	8	8	9	9	10	10	10	10	10	10	10	10	9	8	10	12	12	12	10	10	10	10	10	10	12	12	12	12	12	11	10	11	11	10	8	8	6	5	5	5	5	6	7	7
0	0	0	0	0	0	0	0	0	0	0	0	0	0	0	0	0	0	0	0	0	0	0	0	0	0	0	0	0	0	0	0	0	0	0	0	0	0	0	0	0	0	0	0	0	0	0	0	3	3	3	3	4	4	4	4	4	4	4	5	6	6	6	6	6	6	5	5	4	4	4	4	6	6	10	11	11	12	12	13	12	12	12	12	15	15	15	16	15	15	15	15	15	15	13	12	11	12	12	11
0	0	0	0	0	0	0	0	0	0	0	0	0	0	0	0	0	0	0	0	0	0	0	0	0	0	0	0	0	0	0	0	0	0	0	0	0	0	0	0	0	0	0	0	0	0	0	0	1	1	3	3	3	3	3	3	3	3	4	4	4	4	4	4	4	4	4	4	4	4	4	4	4	4	2	2	2	2	2	2	2	2	4	5	6	6	6	6	6	6	7	8	8	8	8	8	8	8	8	8
0	0	0	0	0	0	0	0	0	0	0	0	0	0	0	0	0	0	0	0	0	0	0	0	0	0	0	0	0	0	0	0	0	0	0	0	0	0	0	0	0	0	0	0	0	0	0	0	2	2	2	2	2	2	2	2	2	2	2	2	2	2	2	2	2	2	2	2	2	1	1	2	2	2	1	1	1	1	1	1	1	1	1	1	1	1	1	1	1	1	1	1	1	1	1	1	1	0	0	0
0	0	0	0	0	0	0	0	0	0	0	0	0	0	0	0	0	0	0	0	0	1	1	1	1	1	1	1	1	1	1	1	1	1	1	1	1	1	1	1	1	1	1	1	1	1	1	1	6	6	6	6	6	6	6	6	6	6	6	6	6	6	6	6	6	6	6	6	5	3	1	1	1	1	1	1	1	1	1	1	1	0	0	0	0	0	0	0	0	0	0	0	0	0	0	0	0	0	1	1
1	1	1	1	1	1	1	1	1	1	1	1	1	1	1	1	1	1	3	3	3	3	3	3	3	3	3	3	3	2	2	2	2	2	2	2	2	2	2	2	2	2	2	2	2	2	2	2	11	11	11	11	11	12	12	14	14	15	15	16	17	17	18	18	20	20	22	24	26	24	22	24	24	25	24	27	26	27	30	30	34	35	33	32	31	33	33	32	31	30	29	29	29	31	30	30	28	28	27	26
0	0	0	0	0	0	0	0	0	0	0	0	0	0	0	0	0	0	0	0	0	0	0	0	0	0	0	0	0	0	0	0	0	0	0	0	0	0	0	0	0	0	0	0	0	0	0	3	13	13	15	15	16	16	18	19	19	19	20	21	22	24	24	26	27	28	28	27	28	30	29	30	30	31	32	33	32	30	30	29	27	23	23	22	17	16	15	16	16	18	19	18	17	15	14	16	16	16	15	15
21	21	19	19	17	15	19	8	9	9	9	9	9	9	9	10	11	12	12	13	15	15	16	17	18	19	19	17	17	17	17	17	16	16	17	16	16	15	14	14	13	12	11	11	11	11	11	11	52	57	58	62	67	72	93	102	124	127	134	150	157	166	175	181	188	189	197	193	196	200	200	204	201	205	203	202	189	186	185	175	170	165	167	169	168	173	170	175	176	181	181	184	186	194	197	206	208	215	205	204
0	0	0	0	0	0	0	0	0	0	0	0	0	0	0	0	0	0	0	0	0	0	0	0	0	0	0	0	0	0	0	0	0	0	0	0	0	0	0	0	0	0	0	0	0	0	0	1	20	23	35	39	40	44	46	47	50	51	53	56	59	60	72	78	79	83	86	86	91	90	90	92	90	86	82	79	78	74	71	69	65	62	59	60	59	61	57	58	60	57	58	58	62	63	63	64	66	70	73	75
0	0	0	0	0	1	1	1	1	1	1	1	1	1	1	1	1	1	1	1	1	1	1	1	1	1	0	0	0	0	0	0	0	0	0	1	4	11	12	12	13	14	14	16	19	22	24	27	49	55	61	71	80	85	89	98	101	101	110	112	116	117	117	115	115	120	120	117	114	110	113	110	110	107	105	114	130	126	125	134	132	128	124	131	132	133	134	134	131	127	130	129	138	135	131	129	126	127	121	119
0	0	0	0	0	0	0	0	0	0	0	0	0	0	0	0	0	0	0	0	0	0	0	0	0	0	0	0	0	0	0	0	0	0	0	0	0	0	0	0	0	0	0	0	0	0	0	6	46	49	49	53	54	54	58	61	64	68	71	73	75	77	83	85	86	87	89	88	83	86	91	93	91	85	85	88	89	90	90	89	89	88	85	82	80	82	81	76	68	65	61	59	54	57	52	52	54	55	55	61
1	1	1	1	1	1	1	1	1	1	1	1	0	0	0	0	0	0	0	0	0	0	0	0	1	1	1	1	2	2	2	2	2	2	2	3	3	3	3	3	3	4	4	5	5	5	5	5	11	11	11	11	12	12	12	13	13	13	13	13	12	14	14	14	14	17	19	18	17	16	14	13	12	13	12	15	15	16	16	18	19	19	20	20	20	20	21	21	22	22	22	22	23	21	20	19	18	18	17	16
1	1	1	1	0	0	0	0	0	0	3	3	3	3	3	3	3	3	3	3	3	3	3	3	4	4	4	4	5	4	4	4	4	4	4	4	4	4	5	5	5	5	5	5	5	4	4	4	11	12	11	12	11	11	11	11	12	13	13	14	14	14	14	15	15	15	15	15	15	15	14	11	12	12	12	13	13	14	14	14	14	15	14	12	9	9	9	8	8	6	7	6	7	7	7	7	6	7	7	8
0	0	0	0	0	0	0	0	0	0	0	0	0	0	0	0	0	0	0	0	0	0	0	0	0	0	0	0	0	0	0	0	0	0	0	0	0	0	0	0	0	0	0	0	0	0	0	0	6	6	6	7	8	8	8	10	17	17	18	22	23	25	27	28	28	34	34	34	34	37	37	38	39	42	41	43	42	46	43	49	48	52	51	51	49	52	53	53	54	55	57	58	61	61	59	57	57	55	54	54
2	2	2	2	2	2	2	2	2	2	2	2	2	1	0	0	0	0	0	0	0	0	0	0	0	0	0	0	0	0	0	0	0	0	0	0	0	0	0	0	0	0	0	0	0	0	0	0	2	3	4	4	4	5	5	5	6	7	7	7	8	8	8	8	8	9	9	9	8	7	7	7	7	7	7	7	6	4	4	4	4	3	4	3	3	2	2	4	4	4	4	5	6	6	6	6	6	6	6	6
0	0	0	0	0	0	0	0	0	0	0	0	0	0	0	0	0	0	0	0	0	0	0	0	0	0	0	0	0	0	0	0	0	0	0	0	0	0	0	0	0	0	0	0	0	0	0	0	3	7	10	10	10	13	13	14	14	14	15	16	16	17	17	17	20	21	21	21	20	20	20	20	18	16	16	15	16	16	16	13	13	13	11	10	10	10	10	11	11	10	11	11	12	12	11	10	14	17	18	18
3	2	2	3	3	3	3	3	3	3	3	3	3	3	3	3	3	2	2	2	2	1	1	1	1	2	2	1	1	1	1	1	1	1	1	1	1	1	1	1	1	1	1	1	1	1	1	1	4	6	6	6	6	8	8	9	11	11	11	11	12	12	13	13	13	13	14	15	18	18	17	17	17	19	19	19	19	19	19	19	17	15	15	16	16	16	17	15	15	13	10	12	12	11	13	13	12	13	13	13
504	496	479	463	447	470	514	507	553	623	652	737	758	803	854	906	937	977	999	1046	1078	1106	1131	1154	1189	1220	1256	1324	1316	1317	1304	1282	1272	1259	1235	1205	1184	1162	1141	1131	1116	1094	1081	1013	947	900	849	806	606	26	0	0	0	0	0	0	0	0	0	0	0	0	0	0	0	0	0	0	0	0	0	0	0	0	0	0	0	0	0	0	0	0	0	0	0	0	0	0	0	0	0	0	0	0	0	0	0	0	0	0
0	0	0	0	0	0	0	0	0	0	0	0	0	0	0	0	0	0	0	0	0	0	0	0	0	0	0	0	0	0	0	0	0	0	0	0	0	0	0	0	0	0	0	0	0	0	0	7	24	24	26	27	29	30	32	34	35	36	36	36	36	38	38	38	39	38	35	36	33	32	31	29	25	27	25	24	25	24	26	25	26	30	29	33	33	33	33	34	34	34	34	34	35	34	33	33	30	31	30	31
13	13	14	15	14	13	13	13	13	12	12	14	16	15	16	17	17	17	22	19	19	17	21	22	22	22	21	20	20	20	20	20	20	19	18	20	17	16	16	14	13	14	12	10	9	10	10	11	13	13	14	14	14	14	14	14	13	12	12	12	12	12	10	10	9	7	7	7	7	7	7	5	5	5	6	6	5	6	6	7	7	7	7	7	6	5	5	6	6	7	9	10	11	11	11	11	12	12	12	13
1	2	2	2	1	1	1	1	1	1	1	1	1	1	1	1	1	1	1	1	1	1	1	1	1	1	1	1	1	1	1	1	1	1	1	1	1	1	1	1	1	1	1	1	1	1	1	1	1	1	1	1	1	1	0	0	0	0	0	0	0	0	0	0	0	0	0	0	0	0	0	0	0	0	0	0	0	0	0	0	0	0	0	0	0	0	0	0	0	0	0	0	0	0	0	0	0	0	0	0
0	0	0	0	0	0	0	0	0	0	0	0	0	0	0	0	0	0	0	0	0	0	0	0	0	0	0	0	0	0	0	0	0	0	0	0	0	0	0	0	0	0	0	0	0	0	0	0	2	4	5	7	7	7	8	8	10	11	13	13	16	17	20	21	21	21	21	21	22	22	22	22	22	23	23	24	24	24	24	24	23	22	20	19	17	18	18	17	16	16	14	13	12	12	12	12	12	11	11	11
0	0	0	0	0	0	0	0	0	0	0	0	0	0	0	0	0	0	0	0	0	0	0	0	0	0	0	0	0	0	0	0	0	0	0	0	0	0	0	0	0	0	0	0	0	0	0	0	1	1	2	2	2	3	3	3	3	3	3	3	3	3	3	3	3	3	4	4	5	5	5	5	5	5	5	5	4	4	3	3	3	3	3	4	4	4	4	3	3	2	2	2	2	2	2	3	3	3	4	4
0	0	0	0	0	0	0	0	0	0	0	0	0	0	0	0	0	0	0	0	0	0	0	0	0	0	0	0	0	0	0	0	0	0	0	0	0	0	0	0	0	0	0	0	0	0	0	0	1	1	2	2	2	2	2	3	3	3	3	3	3	3	3	3	3	4	4	4	5	5	6	6	6	6	5	5	5	5	5	5	5	4	5	10	10	11	12	12	13	13	13	12	11	11	11	11	11	11	11	11
0	0	0	0	0	0	0	0	0	0	0	0	0	0	0	0	0	0	0	0	0	0	0	0	0	0	0	0	0	0	0	0	0	0	0	0	0	0	0	0	0	0	0	0	0	0	0	2	7	8	8	8	12	13	20	20	20	21	22	23	24	26	27	27	27	27	28	31	30	29	29	30	29	28	27	26	24	24	23	21	21	18	17	17	15	16	16	15	10	9	8	7	9	8	7	7	7	8	8	11
4	4	5	5	5	5	5	5	4	4	4	4	4	3	3	2	1	1	2	4	3	3	4	7	10	13	14	16	19	19	20	22	22	24	25	25	26	26	26	27	27	27	27	27	24	25	25	26	28	28	28	27	27	26	25	26	26	25	24	26	27	28	35	37	40	40	40	40	40	39	40	40	41	43	42	41	41	41	39	41	41	41	42	40	42	43	42	42	40	39	38	40	42	44	42	42	43	43	45	46
0	0	0	0	0	0	0	0	0	0	0	0	0	0	0	0	0	0	0	0	0	0	0	0	0	0	0	0	0	0	0	0	0	0	0	0	0	0	0	0	0	0	0	0	0	0	0	0	12	13	14	15	15	15	15	15	15	15	15	15	15	15	15	15	16	14	14	12	12	9	9	9	9	9	9	9	9	9	10	10	11	10	10	8	6	12	12	12	12	14	14	15	15	15	15	16	15	14	14	14
0	0	0	0	0	0	0	0	0	0	0	0	0	0	0	0	0	0	0	0	0	0	0	0	0	0	0	0	0	0	0	0	0	0	1	1	1	1	1	1	1	1	1	2	3	3	3	3	6	6	6	6	7	7	8	9	10	11	13	14	14	13	12	13	13	13	13	13	13	14	14	15	15	15	14	13	12	12	11	11	10	10	11	9	11	11	11	11	11	11	11	11	10	9	9	7	6	6	6	6
0	0	0	0	0	0	0	0	0	0	0	0	0	0	0	0	0	0	0	0	0	0	0	0	0	0	0	0	0	0	0	0	0	0	0	0	0	0	0	0	0	0	0	0	0	0	0	0	8	8	9	9	10	10	13	13	13	14	14	15	16	16	17	17	19	22	23	25	25	25	25	24	23	23	22	21	22	22	24	25	25	24	22	22	22	20	19	19	17	17	17	15	14	12	11	11	11	12	11	11
0	0	0	0	0	0	0	0	0	0	0	0	0	0	0	0	0	0	0	0	0	0	0	0	0	0	0	0	0	0	0	0	0	0	0	0	0	0	0	0	0	0	0	0	0	0	0	0	5	5	5	5	5	5	5	5	5	5	5	5	5	5	5	5	5	5	5	5	5	5	5	5	4	4	4	4	4	4	4	3	2	2	1	1	2	2	2	2	2	2	2	1	2	3	3	3	3	3	3	3
0	0	0	0	0	0	0	0	0	0	0	0	0	0	0	0	0	0	0	0	0	0	0	0	0	0	0	0	0	0	0	0	0	0	0	0	0	0	0	0	0	0	0	0	0	0	0	1	3	3	5	5	5	5	5	6	6	6	6	6	6	6	6	6	6	6	5	6	5	5	5	5	5	4	4	4	4	4	4	4	3	3	3	3	3	3	3	3	3	3	3	3	3	3	4	3	3	3	2	3
0	0	0	0	0	0	0	0	0	0	0	0	0	0	0	0	0	0	0	0	0	0	0	0	0	0	0	0	0	0	0	0	0	0	0	0	0	0	0	0	0	0	0	0	0	0	0	1	4	5	5	5	6	6	6	6	6	7	7	7	8	9	9	9	9	8	8	8	8	8	8	6	3	3	3	3	3	3	3	2	2	2	2	3	3	2	2	2	2	2	2	1	1	1	1	1	1	1	1	1
0	0	0	0	0	0	0	0	0	0	0	0	0	0	0	0	0	0	0	0	0	0	0	0	0	0	0	0	0	0	0	0	0	0	0	1	2	2	2	2	2	2	2	2	2	2	2	2	6	6	6	6	7	7	7	7	7	7	6	5	5	5	8	9	9	9	8	7	7	7	7	7	6	6	6	4	4	4	4	4	3	3	3	3	1	1	1	2	3	4	4	4	4	4	4	4	4	4	4	4
1	1	1	1	1	1	1	1	1	1	1	1	1	1	1	1	1	1	1	2	2	2	1	1	1	1	2	2	2	2	2	2	2	2	1	1	1	1	1	1	1	1	1	1	1	1	1	1	10	10	10	10	11	11	11	11	14	14	14	17	18	18	18	18	17	17	17	17	17	16	17	15	17	17	14	14	15	15	18	18	16	17	16	15	15	15	14	14	16	17	17	17	18	19	20	20	19	18	20	20
0	0	0	0	0	0	0	0	0	0	0	0	0	0	0	0	0	0	0	0	0	0	0	0	0	0	0	0	0	0	0	0	0	0	0	0	0	0	0	0	0	0	0	0	0	0	0	2	24	32	33	33	33	33	36	37	37	39	43	43	48	50	51	51	51	56	58	58	53	51	49	50	52	52	53	54	55	58	57	59	57	57	52	51	46	47	43	41	42	42	41	39	38	36	33	31	30	27	28	28
16	17	19	19	19	20	21	21	18	18	18	16	15	14	12	12	12	12	12	11	11	10	6	1	1	1	1	1	1	1	1	1	1	1	1	1	1	1	1	1	1	0	0	0	0	0	0	0	5	6	6	8	8	8	8	8	8	8	9	9	9	9	10	10	10	10	10	10	9	8	7	6	7	7	7	7	7	6	6	6	7	6	6	6	6	6	5	5	6	6	6	6	5	6	6	6	7	6	6	7
0	0	0	0	0	0	0	0	0	0	0	0	0	0	0	0	0	0	0	0	0	0	0	0	0	0	0	0	0	0	0	0	0	0	0	0	0	0	0	0	0	0	0	0	0	0	0	0	4	6	8	12	14	14	14	14	14	14	14	15	15	15	15	15	17	17	17	17	16	16	15	15	13	14	14	12	12	12	12	12	12	12	12	12	12	13	14	13	14	12	10	9	9	8	8	8	8	8	7	7
14	14	15	15	15	15	16	17	17	17	19	19	18	18	19	19	20	21	21	22	19	21	26	28	31	34	34	33	32	30	29	29	28	27	26	26	23	22	22	22	20	18	16	13	14	13	11	10	28	39	40	43	43	45	46	46	46	46	48	48	46	48	47	48	52	52	51	47	47	47	50	51	52	49	46	43	44	44	42	43	42	42	42	42	41	41	39	38	39	38	35	32	32	30	29	28	31	31	29	28
13	12	12	11	9	9	9	8	8	7	7	5	1	0	0	0	1	1	1	1	1	1	1	1	1	1	1	1	1	1	2	2	2	2	2	1	1	1	1	1	1	1	1	1	1	1	2	2	20	22	23	24	24	25	25	25	25	26	29	29	30	30	30	32	32	33	38	39	40	40	40	39	39	37	34	31	31	32	34	33	34	34	34	35	37	37	36	36	38	37	37	38	38	38	37	36	34	34	33	33
0	0	0	0	0	0	0	0	0	0	0	0	0	0	0	0	0	0	0	0	0	0	0	0	0	0	0	0	0	0	0	0	0	0	0	0	0	0	0	0	0	0	0	0	0	0	0	0	3	4	4	4	4	4	4	4	5	5	6	6	6	7	7	7	7	7	7	7	6	6	5	6	6	5	5	3	4	4	4	4	4	5	5	5	5	5	5	3	3	3	2	2	2	2	2	2	2	2	2	2
0	0	0	0	0	0	0	0	0	0	0	0	0	0	0	0	0	0	0	0	0	0	0	0	0	0	0	0	0	0	0	0	0	0	0	0	0	0	0	0	0	0	0	0	0	0	0	1	6	6	6	7	7	7	7	8	10	11	11	12	13	14	14	15	17	17	22	21	20	21	21	23	24	25	26	26	26	26	25	25	24	21	21	21	21	20	20	20	20	17	17	15	15	15	4	5	6	6	6	6
0	0	0	0	0	0	0	0	0	0	0	0	0	0	0	0	0	0	0	0	0	0	0	0	0	0	0	0	0	0	0	0	0	0	0	0	0	0	0	0	0	0	0	0	0	0	0	0	2	3	5	5	5	5	5	5	6	6	7	7	8	8	8	9	9	9	8	8	8	9	9	11	12	12	12	11	10	9	9	9	9	9	8	8	8	7	6	7	7	7	6	6	6	5	5	5	5	5	5	5
0	0	0	0	0	0	0	0	0	0	0	0	0	0	0	0	0	0	0	0	0	0	0	0	0	0	0	0	0	0	0	0	0	0	0	0	0	0	0	0	0	0	0	0	0	0	0	0	16	16	17	21	22	28	30	33	33	37	37	40	42	43	45	46	48	50	49	52	51	49	51	51	55	54	51	53	53	53	52	52	51	52	50	50	51	51	47	45	43	43	44	42	40	38	39	43	42	40	42	43
6	6	5	5	1	0	0	0	0	0	0	0	0	0	0	0	0	0	0	0	0	0	0	0	0	0	0	0	0	0	0	0	0	0	0	0	0	0	0	0	0	0	0	0	0	0	1	1	11	12	12	17	17	17	18	18	20	20	20	20	20	20	20	20	20	20	19	17	17	17	16	17	17	16	16	16	16	16	14	13	12	13	13	14	14	14	13	12	11	11	11	11	11	11	15	16	18	19	20	20
0	0	0	0	0	0	0	0	0	0	0	0	0	0	0	0	0	0	0	0	0	0	0	0	0	0	0	0	0	0	0	0	0	0	0	0	0	0	0	0	0	0	0	0	1	1	1	1	11	19	19	19	20	22	22	23	23	23	24	24	24	24	25	26	28	29	30	30	29	29	28	27	27	28	27	26	25	24	26	26	31	35	35	34	31	31	30	28	26	29	28	27	27	26	24	24	27	28	29	28
0	0	0	0	0	0	0	0	0	0	0	0	0	0	0	0	0	0	0	0	0	0	0	0	0	0	0	0	0	0	0	0	0	0	0	0	0	0	0	0	0	0	0	0	0	0	0	4	19	19	19	19	19	21	21	22	22	22	24	24	24	25	25	26	26	27	25	25	24	23	24	24	24	23	20	20	19	16	15	13	10	10	10	10	10	11	11	10	11	9	9	10	9	9	9	9	9	10	9	9
0	0	0	0	0	0	0	0	0	0	0	0	0	0	0	0	0	0	0	0	0	0	0	0	0	0	0	0	0	0	0	0	0	0	0	0	0	0	0	0	0	0	0	0	0	0	0	0	2	2	2	2	3	3	3	3	4	4	4	4	4	5	5	5	5	5	7	7	6	7	6	8	7	8	8	8	8	7	7	7	8	8	8	8	8	8	8	7	7	7	8	8	6	5	5	5	5	4	4	4
0	0	0	0	0	0	0	0	0	0	0	0	0	0	0	0	0	0	0	0	0	0	0	0	0	0	0	0	0	0	0	0	0	0	0	0	0	0	0	0	0	0	0	0	0	0	1	1	7	7	7	7	9	9	11	13	13	15	16	18	18	18	18	20	22	24	25	24	25	25	25	25	23	23	23	23	22	22	23	22	25	24	23	22	23	21	19	19	18	17	16	16	15	16	14	13	12	9	8	8
0	0	0	0	0	0	0	0	0	0	0	0	0	0	0	0	0	0	0	0	0	0	0	0	0	0	0	0	0	0	0	0	0	0	0	0	0	0	0	0	0	0	0	0	0	0	0	0	9	11	16	18	19	20	20	20	21	23	25	26	29	29	32	32	32	32	32	34	33	33	32	33	34	33	32	32	29	29	28	21	20	18	16	17	17	18	19	18	18	19	16	17	16	17	18	20	22	21	20	20
8	8	8	8	8	8	8	8	8	8	8	8	7	7	7	7	6	6	6	6	5	5	4	4	3	0	1	1	1	1	2	2	2	2	3	4	5	5	5	7	7	7	7	7	8	9	10	13	40	41	41	42	46	47	49	50	51	52	53	56	59	61	62	62	62	65	65	61	57	60	59	60	59	61	58	55	58	56	50	48	47	44	44	43	43	41	38	36	37	37	37	39	38	38	35	36	37	36	37	38
89	88	86	86	86	88	89	89	86	94	93	101	102	96	95	96	96	95	99	97	100	97	92	92	91	90	88	84	81	79	77	76	74	67	66	64	58	54	46	35	36	39	42	51	59	60	88	118	641	747	769	796	823	847	871	885	908	921	935	960	962	976	984	999	1013	996	977	958	939	907	867	843	818	816	774	750	726	711	725	674	675	672	673	655	667	671	665	662	680	686	680	705	737	718	710	723	724	727	721	707
0	0	0	0	0	0	0	0	1	1	1	1	1	1	1	1	1	1	1	1	1	1	1	1	1	1	1	1	1	1	1	1	0	0	0	0	0	0	0	0	0	0	0	0	0	0	0	0	6	14	15	15	15	15	15	15	16	16	16	17	17	17	17	17	18	18	17	17	16	14	13	10	9	10	10	10	9	12	10	11	11	13	13	13	13	12	12	12	14	15	16	16	16	16	17	17	17	18	17	17
0	0	0	0	0	0	0	0	0	0	0	0	0	0	0	0	0	0	0	0	0	0	0	0	0	0	1	1	1	1	1	1	1	1	1	1	2	2	2	3	3	3	3	4	4	4	4	5	12	13	13	13	13	13	13	13	13	13	14	15	14	13	13	13	12	13	11	11	11	11	10	10	9	8	10	8	8	10	9	8	7	7	7	6	6	6	6	6	7	7	7	8	8	8	8	7	7	7	8	9
0	0	0	0	0	0	0	0	0	0	0	0	0	0	0	0	0	0	0	0	0	0	0	0	0	0	0	0	0	0	0	0	0	0	0	0	0	0	0	0	0	0	0	0	0	0	0	0	2	3	6	6	6	6	7	7	7	7	8	8	8	8	8	7	7	7	7	6	6	6	7	6	6	7	7	7	8	8	8	6	5	5	4	4	5	5	5	5	6	6	7	7	6	6	10	10	11	11	13	12
0	0	0	0	0	0	0	0	0	0	0	0	0	0	0	0	0	0	0	0	0	0	0	0	0	0	0	0	0	0	0	0	0	0	0	0	0	0	0	0	0	0	0	0	0	0	0	0	12	16	16	16	16	17	17	20	22	26	30	32	32	34	37	39	40	40	40	40	41	43	43	42	43	43	43	45	46	51	50	52	48	50	53	56	59	59	59	60	61	59	60	60	59	60	60	59	58	54	54	51
0	0	0	0	0	0	0	0	0	0	0	0	0	0	0	0	0	0	0	0	0	0	0	0	0	0	0	0	0	0	0	0	0	0	0	0	0	0	1	1	1	1	1	1	1	1	1	27	141	143	147	151	154	161	165	171	176	181	190	192	197	200	201	205	207	212	206	206	201	195	187	181	164	161	157	162	147	141	141	142	141	139	137	141	138	138	143	149	154	163	166	171	176	184	209	228	231	242	247	250
74	78	79	82	80	79	78	79	75	74	72	69	68	63	63	63	58	56	54	53	51	43	43	35	40	41	38	40	42	42	44	42	41	43	46	48	51	55	54	55	55	59	60	62	62	82	108	116	231	247	249	259	263	269	293	312	312	319	323	322	328	339	342	350	359	362	373	377	378	368	349	349	346	333	323	297	291	288	275	275	257	248	244	241	239	242	229	231	240	245	243	246	249	247	258	257	256	263	269	269
21	21	20	21	21	21	17	15	15	15	14	13	10	10	9	9	9	8	8	6	7	10	11	11	12	12	13	13	14	14	14	14	14	15	16	17	19	21	22	20	19	17	17	16	17	18	18	16	60	136	168	220	226	233	235	256	258	263	277	285	289	303	330	333	366	370	399	404	412	414	412	404	403	402	400	402	397	403	399	396	381	373	369	371	366	360	357	350	355	342	336	321	319	323	324	322	321	314	313	312
0	0	0	0	0	0	0	0	0	0	0	0	0	0	0	0	0	0	0	0	0	0	0	0	0	0	0	0	0	0	0	0	0	0	0	0	0	0	0	0	0	0	0	0	0	0	0	0	2	4	4	4	4	4	4	4	4	4	4	4	4	4	4	4	4	5	5	5	6	6	6	7	7	7	7	7	7	7	6	6	6	7	7	9	6	6	7	8	8	8	9	7	7	7	7	7	8	10	10	10
0	0	0	0	1	2	2	2	2	2	2	2	2	2	2	2	2	2	3	3	3	3	3	3	3	3	3	3	2	2	2	2	2	2	2	2	2	2	1	1	1	1	1	1	1	1	1	1	10	10	11	11	11	11	12	12	14	14	15	15	16	16	17	20	20	23	22	22	23	22	23	21	22	22	23	23	23	25	26	26	26	24	22	23	22	22	17	17	16	16	16	16	16	16	16	14	14	13	13	13
11	12	11	12	14	15	20	20	21	22	22	23	24	23	23	23	21	22	21	22	23	24	21	24	23	22	21	21	21	21	23	22	20	19	18	18	19	17	18	18	17	19	19	20	20	21	21	21	23	25	24	24	24	26	27	28	29	32	35	33	34	34	34	32	32	29	29	29	27	27	27	26	26	26	26	25	24	21	19	19	20	21	21	20	21	21	20	20	19	17	17	17	18	16	16	16	20	20	21	21
0	0	0	0	0	0	0	1	1	1	1	1	1	1	1	1	1	1	1	1	1	1	1	1	1	1	1	1	1	1	1	1	1	1	1	1	1	1	1	1	1	0	0	0	0	0	1	3	10	12	12	13	15	15	15	18	19	26	38	40	46	46	50	54	59	61	63	65	66	67	68	71	74	73	75	76	77	78	78	76	75	70	70	71	66	65	68	62	58	55	55	53	54	52	49	49	50	48	50	50
0	0	0	0	0	0	0	0	0	0	0	0	0	0	0	0	0	0	0	0	0	0	0	0	0	0	0	0	0	0	0	0	0	0	0	0	0	0	0	0	0	0	0	0	0	0	1	1	10	10	11	12	16	17	17	18	20	22	24	24	25	26	27	28	29	29	29	27	26	28	27	25	26	25	26	28	28	25	23	23	22	23	24	24	24	23	23	24	23	22	23	22	21	20	20	20	21	23	22	22
10	9	10	10	11	10	9	7	8	8	8	8	8	8	7	7	6	6	6	7	7	7	6	6	5	5	5	6	6	5	5	5	5	5	5	4	4	3	3	3	3	3	3	3	4	4	3	3	26	46	50	55	59	60	62	64	64	63	63	63	65	66	67	72	73	75	77	77	77	75	75	73	71	71	71	67	63	61	57	54	53	53	45	40	32	26	24	25	24	24	23	25	28	27	27	25	25	25	25	25
2	2	2	2	2	2	3	3	2	2	2	3	3	3	3	3	3	3	3	3	3	3	3	3	4	2	2	4	4	4	4	4	4	4	4	4	5	5	5	5	5	5	5	5	4	3	4	6	21	21	22	21	23	24	24	24	24	24	25	25	27	27	28	32	33	34	35	34	33	34	32	31	31	30	30	29	30	29	30	29	34	31	32	32	36	38	39	40	51	62	66	72	75	76	75	75	76	78	79	78
4	4	4	4	5	5	5	6	6	6	6	7	6	7	7	7	8	7	6	6	6	6	6	6	6	6	6	6	6	6	5	7	6	6	5	5	5	5	6	5	6	6	7	6	6	7	8	8	21	28	27	32	32	32	34	34	35	35	35	35	46	48	48	50	53	54	52	52	52	52	52	52	52	52	53	56	57	56	56	53	55	56	57	57	56	55	55	54	53	55	57	56	55	54	51	50	47	45	40	37
3	2	2	2	2	2	2	2	2	2	2	2	2	2	2	2	2	2	2	1	1	1	1	1	1	1	1	1	1	2	2	2	2	2	3	4	5	5	5	5	5	6	6	6	6	6	6	7	13	13	13	12	12	14	14	13	12	12	12	12	12	11	10	10	10	10	11	11	11	11	9	8	8	6	5	5	5	5	4	4	4	4	4	4	4	4	6	6	8	9	11	11	11	11	12	11	11	11	11	11
1	1	1	1	1	1	1	1	1	1	1	1	1	1	1	1	1	1	1	1	1	0	0	0	0	0	0	0	0	0	0	0	0	0	0	0	0	0	0	0	0	0	0	0	0	0	0	3	13	17	19	20	20	20	20	21	21	22	22	23	24	25	28	30	31	36	37	37	35	35	36	35	35	36	37	40	37	41	41	41	43	43	43	44	43	42	42	42	42	39	39	39	39	36	35	32	30	28	27	27
