17	17	17	18	19	19	21	21	22	28	31	31	29	30	27	28	28	30	36	36	34	34	35	37	37	42	42	47	51	53	59	59	62	63	64	67	67	67	68	67	66	63	62	62	62	61	61	59	57	48	47	39	11	6	2	2	2	1	1	1	1	1	1	1	1	1	1	1	0	0	0	0	0	0	0	0	0	0	0	0	0	0	0	0	0	0	0	0	0	0	0	0	0	0	0	0	0	0	0	0
2	1	1	2	2	2	2	2	2	3	3	3	3	4	4	4	4	4	4	5	6	7	7	7	8	8	9	9	9	9	10	10	10	11	11	11	11	11	11	11	10	10	10	10	10	10	9	9	9	8	8	5	0	0	0	0	0	0	0	0	0	0	0	0	0	0	0	0	0	0	0	0	0	0	0	0	0	0	0	0	0	0	0	0	0	1	1	1	1	1	1	1	1	1	1	1	1	1	1	1
27	33	31	32	31	31	37	37	40	50	53	57	60	60	65	69	78	79	86	87	86	87	89	92	96	95	95	103	103	104	103	104	107	114	114	110	111	110	107	99	97	94	92	89	84	80	76	70	61	51	44	35	2	1	0	0	0	0	0	0	0	0	0	0	0	0	0	0	0	0	0	0	0	0	0	0	0	0	0	0	0	0	0	0	0	0	0	0	0	1	1	1	1	1	1	1	1	1	1	1
1	1	1	1	1	1	1	1	1	1	0	0	1	1	1	1	1	1	1	1	2	5	7	7	9	9	9	9	9	9	9	9	9	9	9	9	9	9	9	9	8	8	7	7	7	6	6	5	5	5	5	5	1	0	0	0	0	0	0	0	0	0	0	0	0	0	0	0	0	0	0	0	0	0	0	0	0	0	0	0	0	0	0	0	0	0	0	0	0	0	0	0	0	0	0	0	0	0	0	0
3	3	3	2	2	2	3	3	15	15	18	24	25	28	31	33	34	36	36	36	39	40	41	42	44	47	49	50	50	51	55	55	54	53	53	50	50	49	46	45	44	41	39	35	32	30	30	27	24	20	16	12	5	5	5	5	3	3	3	2	3	3	3	3	2	2	1	1	1	1	1	1	1	1	1	1	1	1	1	1	2	2	2	2	2	2	2	2	1	1	1	1	1	1	1	1	1	1	1	1
8	8	7	6	6	7	7	7	6	6	6	7	7	8	7	9	10	10	10	10	10	8	7	7	7	7	7	7	7	7	7	7	7	9	9	9	8	7	7	7	6	6	6	6	6	6	6	6	6	6	6	6	2	2	1	1	1	1	1	1	1	1	1	1	1	1	1	1	1	1	1	1	0	0	0	0	0	0	0	0	0	0	0	0	0	0	0	0	0	0	0	0	0	0	0	0	0	0	0	0
1	1	1	1	1	1	1	1	1	1	1	1	1	2	3	4	6	9	10	10	10	10	10	10	10	10	11	11	12	12	12	12	13	14	13	13	13	12	12	11	11	11	11	11	11	11	11	11	11	11	11	10	5	4	3	3	3	2	1	1	1	1	1	1	1	1	1	1	1	1	1	1	1	0	0	0	0	0	0	0	1	1	1	1	1	1	1	2	2	2	2	2	2	2	2	3	3	3	3	3
28	27	26	24	23	24	22	21	20	22	22	22	25	25	25	25	27	27	26	29	29	29	29	30	31	29	31	32	29	30	36	39	39	43	44	47	46	46	46	45	42	41	40	38	37	35	33	32	31	26	18	8	2	2	0	0	0	0	0	0	0	0	0	0	0	0	0	0	0	0	0	0	0	1	1	1	2	2	2	2	2	2	2	2	2	2	2	2	2	2	2	2	2	2	2	2	2	1	1	1
8	7	7	6	5	5	5	5	4	4	6	7	7	7	7	8	8	8	9	9	9	10	10	10	10	10	9	8	8	8	8	8	8	8	8	8	8	8	8	8	8	8	7	7	5	5	5	5	4	3	3	1	0	0	0	0	0	0	0	0	0	0	0	0	0	0	0	0	0	0	0	0	0	0	0	0	0	0	0	0	0	0	0	0	0	0	0	0	0	0	0	0	0	0	0	0	0	0	0	0
4	3	3	3	3	2	2	3	3	3	3	4	4	5	5	6	8	9	9	10	11	11	10	10	10	10	11	11	11	12	13	13	14	13	12	13	13	13	11	10	10	10	9	10	10	10	8	8	8	6	5	5	2	2	2	2	2	2	2	1	1	2	2	2	2	2	2	2	2	2	1	1	1	1	1	1	1	1	1	1	1	1	1	1	1	1	1	1	1	0	0	0	0	0	0	0	0	0	0	0
19	19	20	19	18	17	17	17	17	16	15	18	18	19	19	20	22	29	31	32	32	34	35	37	37	36	42	46	47	50	50	53	54	52	53	54	57	56	56	53	53	52	50	48	48	44	39	38	34	32	27	21	7	4	1	0	0	0	0	0	0	0	0	0	0	0	0	0	0	0	0	0	0	0	0	0	0	0	0	0	0	0	0	0	0	0	0	0	0	0	0	0	0	0	0	0	0	0	0	0
27	25	24	24	25	25	25	24	25	25	25	24	21	22	23	22	20	20	20	20	21	21	21	21	27	30	31	32	33	33	33	33	37	40	40	44	45	44	44	44	42	41	40	39	39	38	38	38	38	35	33	32	16	16	8	7	7	7	7	6	6	6	6	7	8	8	8	7	7	7	7	7	7	7	6	6	6	6	7	6	5	5	4	5	5	5	6	5	5	5	5	6	6	6	5	5	5	5	5	5
73	72	73	70	67	66	67	66	72	70	69	77	77	76	82	85	84	84	86	91	88	88	89	89	89	88	90	96	98	106	110	116	126	138	136	142	141	139	137	132	131	131	127	123	123	113	104	104	101	98	92	57	2	1	1	1	1	1	0	0	0	0	0	0	0	0	0	0	0	0	0	0	0	0	0	0	0	0	0	0	0	0	0	0	0	0	0	0	0	0	0	0	0	0	0	0	0	0	0	0
10	12	13	14	15	15	16	16	17	15	15	15	16	17	17	17	16	16	15	15	14	13	13	14	14	15	14	14	15	15	16	16	15	14	17	16	15	14	14	11	10	10	9	9	9	9	9	9	9	8	8	7	0	0	0	0	0	0	0	0	0	0	0	0	0	0	0	0	0	0	0	0	0	0	0	0	0	0	0	0	0	0	0	0	0	0	0	0	0	0	0	0	0	0	0	0	0	0	0	0
1	1	2	2	2	2	2	2	2	2	2	2	2	3	4	4	5	5	6	6	6	6	6	6	7	8	8	8	10	11	12	11	11	11	11	11	11	11	12	12	12	12	12	12	11	11	11	11	10	10	9	6	3	3	3	3	3	3	3	2	2	2	2	2	2	2	2	2	2	2	1	1	1	1	0	0	0	0	0	0	0	0	0	0	0	0	0	0	0	0	0	0	0	0	0	0	0	0	0	0
11	11	12	13	12	14	17	18	20	23	23	25	26	25	26	26	26	27	30	29	29	30	30	30	30	30	31	31	30	28	28	28	26	28	28	26	25	26	26	23	21	21	20	20	19	19	18	17	16	14	13	10	3	0	0	0	0	1	1	1	1	1	1	2	2	2	2	2	2	2	2	2	2	2	2	2	2	2	2	2	2	2	2	2	1	1	1	1	1	1	1	1	1	1	1	1	1	1	1	1
8	7	7	6	6	4	4	6	5	6	5	6	7	6	7	7	7	7	7	7	7	7	7	7	7	8	9	10	11	12	14	14	16	18	18	18	19	19	19	19	19	19	19	19	19	18	17	15	14	13	11	8	2	1	1	0	0	0	0	0	0	0	0	0	0	0	0	0	0	0	0	0	0	0	0	0	0	0	0	0	0	0	0	0	0	0	0	0	0	0	0	0	0	0	0	0	0	0	0	0
12	12	10	9	10	11	14	14	16	16	17	17	17	16	17	15	14	13	16	15	18	20	20	22	25	25	26	26	26	26	26	26	26	26	29	31	30	30	30	29	28	25	23	17	16	15	13	13	13	13	13	10	2	1	1	1	2	2	1	1	1	1	1	1	1	1	1	1	1	1	1	1	1	1	1	1	1	1	1	1	1	0	0	0	0	0	0	0	0	0	0	0	0	0	0	0	0	0	0	0
2	2	3	3	3	3	3	3	3	4	4	4	5	6	6	6	7	7	7	7	7	6	6	7	7	8	8	8	8	8	8	7	8	7	8	8	8	8	8	8	8	8	8	7	7	7	7	7	6	6	6	6	2	1	1	1	1	1	1	1	1	1	1	1	1	1	1	1	1	1	1	1	1	1	1	1	1	1	1	1	1	1	1	1	1	2	1	1	1	1	1	1	1	2	2	2	2	2	3	4
35	36	33	31	28	33	36	36	37	42	54	55	61	60	60	61	61	61	55	61	60	62	67	68	68	69	71	73	75	78	81	81	82	86	90	94	95	93	93	92	92	91	91	90	88	83	80	79	78	76	65	35	0	0	0	0	0	0	0	0	0	0	0	0	0	0	0	0	0	0	0	0	0	0	0	0	0	0	0	0	0	1	1	1	1	1	1	1	1	1	1	1	1	1	1	1	1	1	0	0
746	738	738	737	736	718	708	717	756	747	791	827	855	900	979	1022	1070	1115	1167	1207	1269	1262	1246	1316	1320	1322	1291	1271	1259	1245	1237	1234	1215	1202	1218	1226	1222	1202	1196	1181	1155	1132	1113	1059	1001	929	867	810	751	699	664	491	24	17	16	14	14	16	17	21	21	21	21	21	21	20	21	21	22	22	22	22	22	23	22	24	23	23	22	23	23	22	21	23	21	21	20	20	18	16	17	17	14	15	13	15	16	16	16	16
1319	1293	1256	1266	1324	1347	1350	1382	1432	1513	1558	1594	1635	1681	1700	1705	1724	1746	1772	1768	1755	1728	1731	1723	1746	1778	1809	1847	1943	1877	1935	2053	2158	2343	2458	2494	2461	2457	2419	2401	2392	2357	2329	2295	2237	2192	2146	2069	1960	1854	1796	1664	514	358	307	293	279	274	273	269	259	263	260	259	257	267	275	267	288	292	296	299	300	289	287	296	299	295	289	291	293	292	288	278	273	262	251	255	249	232	232	228	233	249	780	828	903	1029	1066	1107
1729	1720	1693	1627	1594	1623	1607	1629	1633	1621	1673	1756	1801	1864	1922	2006	2062	2064	2148	2146	2179	2251	2231	2174	2128	2096	2076	2081	2090	2147	2170	2204	2220	2250	2334	2325	2251	2204	2160	2101	2003	1920	1856	1765	1638	1480	1386	1293	1196	1124	979	651	53	10	2	1	1	1	0	0	0	0	0	0	0	0	0	0	0	1	1	1	1	1	2	2	2	2	2	2	2	2	2	2	2	2	3	3	3	3	3	3	3	3	3	3	3	3	3	3
19	19	18	17	17	16	15	14	14	14	15	14	17	20	21	21	22	23	27	26	27	28	30	30	29	29	29	29	30	31	31	33	33	33	34	36	34	34	34	34	32	32	31	31	29	29	26	23	21	21	18	15	7	4	3	3	4	4	5	5	5	5	5	5	4	4	4	4	4	4	4	4	4	3	2	2	2	2	2	2	2	2	2	2	2	2	0	0	0	1	1	1	1	1	1	1	1	1	1	1
15	15	12	10	8	8	8	9	9	9	11	13	15	15	17	17	19	20	22	22	23	24	25	25	24	24	25	25	24	25	28	29	30	31	35	35	33	32	32	31	31	28	28	28	28	28	26	25	25	25	24	21	7	1	1	1	1	1	1	1	1	1	1	1	1	1	1	1	1	1	1	1	1	1	1	1	1	1	1	1	1	1	1	2	2	2	2	2	2	1	1	1	1	1	1	1	1	1	1	1
648	660	674	699	705	714	762	764	781	789	845	881	903	942	957	996	1057	1091	1122	1162	1234	1222	1238	1226	1218	1185	1169	1194	1214	1198	1216	1230	1233	1246	1204	1225	1202	1183	1154	1128	1107	1090	1057	1005	939	848	762	706	632	566	441	276	13	3	3	4	4	4	4	4	4	4	4	4	4	4	4	4	4	4	3	3	1	1	1	1	1	2	2	2	2	2	3	3	3	4	5	5	5	5	7	7	8	8	8	8	8	8	8	8
10	10	12	12	12	13	13	11	10	11	13	14	14	16	19	21	35	45	43	44	50	52	57	55	54	54	55	56	57	60	60	60	60	60	60	61	61	59	58	56	54	52	50	49	47	44	44	40	38	34	31	30	4	0	0	0	0	0	0	0	0	0	0	0	0	0	0	0	0	0	0	0	0	0	0	0	0	0	0	0	0	0	0	0	0	0	0	0	0	0	0	0	0	0	0	0	0	0	0	0
0	0	0	0	0	0	0	0	0	0	0	0	0	0	0	0	0	0	0	0	0	0	0	0	0	0	0	0	0	0	0	0	0	0	0	0	0	0	0	0	0	0	0	0	0	0	0	0	0	0	0	0	0	0	0	0	0	0	0	0	0	0	0	0	0	0	0	0	0	0	0	0	0	0	0	0	0	0	0	0	0	0	0	0	0	0	0	0	0	0	0	0	0	0	0	0	0	0	0	0
4	4	4	5	5	5	5	5	5	5	5	6	7	7	7	7	7	8	9	9	9	8	9	9	8	8	8	8	7	7	8	8	8	8	8	9	7	7	7	7	7	7	7	7	6	6	6	6	6	6	6	5	0	0	0	0	1	1	1	1	1	1	1	1	1	1	1	1	1	1	1	1	1	1	1	1	1	1	1	1	1	1	1	1	1	1	1	0	0	0	0	0	0	0	0	0	0	0	0	0
23	19	22	20	20	20	19	18	19	20	24	31	36	41	41	40	41	43	44	47	54	53	56	63	65	70	74	73	73	75	71	70	70	70	70	74	74	72	71	66	65	65	61	55	54	47	42	39	37	34	30	26	4	0	0	0	0	0	0	0	0	0	0	0	0	0	0	0	0	0	0	0	0	1	1	1	1	1	1	1	1	1	1	1	1	1	2	2	2	2	2	2	2	2	2	2	2	2	2	2
12	11	13	13	11	11	11	10	10	10	9	12	12	12	11	11	11	11	11	12	13	14	15	17	16	16	17	17	17	17	18	18	20	27	29	29	28	29	28	28	28	28	28	27	27	27	27	27	27	28	28	26	17	15	13	12	10	10	11	10	10	10	7	7	6	5	2	1	1	1	1	1	1	1	1	1	1	1	1	1	0	0	0	0	0	0	0	0	0	0	0	0	0	0	0	0	0	0	0	0
31	21	21	24	22	24	24	24	26	27	27	27	27	33	36	38	38	42	42	42	47	49	48	48	48	43	42	42	42	41	42	42	41	41	42	43	44	44	43	43	41	38	36	30	29	27	26	25	22	20	19	16	2	0	0	0	0	0	0	0	0	0	0	0	0	0	0	0	0	0	0	0	0	0	0	0	0	0	0	0	0	0	0	0	0	0	0	0	0	0	0	0	0	0	0	0	0	0	0	0
6	7	7	7	7	7	7	7	7	6	5	6	8	7	7	7	8	8	11	11	11	12	14	15	15	16	16	16	16	15	15	14	14	14	15	15	15	14	14	14	13	12	11	11	11	11	11	9	8	7	7	5	2	0	0	0	0	0	0	0	0	0	0	0	0	0	0	0	0	0	0	0	0	0	0	0	0	0	0	0	0	0	0	0	0	0	0	0	0	0	0	0	0	0	0	0	0	0	0	0
12	12	11	11	11	12	12	13	13	14	14	14	14	12	12	12	15	15	15	14	15	15	15	14	14	13	16	16	18	17	17	17	18	19	19	20	21	20	20	19	19	19	19	16	15	15	13	12	11	11	10	8	5	5	4	4	4	4	4	4	5	7	6	7	7	7	7	7	7	7	8	8	8	8	8	8	8	8	8	8	8	8	8	5	4	3	3	3	3	2	1	1	1	1	1	0	0	0	0	0
11	11	11	11	11	11	11	12	11	11	11	10	11	9	9	9	11	13	13	14	14	14	14	14	15	15	15	15	14	15	18	18	19	21	20	20	21	20	18	18	17	17	17	17	17	17	17	16	15	15	14	7	2	2	2	2	1	1	1	1	1	1	2	3	3	3	3	3	3	3	3	3	3	3	3	3	3	3	3	3	3	2	2	2	2	1	1	1	1	1	1	1	1	1	1	0	0	0	0	0
14	14	14	15	15	16	17	17	17	19	20	18	17	17	16	17	18	18	18	18	18	18	18	18	20	22	22	22	21	20	19	19	19	19	19	18	17	16	16	16	16	16	16	15	15	13	13	13	8	8	5	4	1	1	1	1	1	1	1	1	1	1	1	1	1	1	1	1	1	0	1	1	1	1	1	1	1	1	1	1	1	1	1	1	1	1	1	1	1	1	1	1	1	1	1	1	1	1	1	1
11	10	8	8	8	8	9	8	9	8	8	9	12	13	13	14	15	14	16	18	20	22	25	27	29	29	29	30	33	33	33	33	33	34	35	35	34	34	34	33	33	32	31	29	27	26	24	23	21	20	12	6	1	0	0	0	0	0	0	0	0	0	0	0	0	0	0	0	0	0	0	0	1	1	1	1	1	1	1	1	1	1	1	1	1	1	1	1	1	1	1	1	2	2	3	3	2	2	2	2
8	8	7	8	9	9	8	8	8	9	8	8	9	9	10	10	10	11	11	11	13	13	14	17	18	20	19	19	19	19	20	21	21	21	21	21	22	22	22	22	22	22	22	22	22	21	20	19	19	19	18	15	10	6	4	3	2	2	2	2	2	2	2	1	1	1	1	1	1	1	1	2	2	2	2	2	2	2	2	2	2	2	2	2	2	3	3	3	2	2	2	2	2	2	2	2	2	2	2	2
1632	1660	1722	1661	1700	1749	1711	1766	1748	1811	1836	1915	1987	2020	2197	2207	2385	2369	2334	2354	2347	2326	2332	2238	2173	2102	2040	2010	2071	2026	2027	2057	2093	2163	2218	2270	2279	2233	2200	2153	2105	2054	1995	1957	1892	1822	1749	1690	1621	1556	1517	1324	69	1	1	1	1	0	0	0	0	0	0	0	0	0	0	0	0	0	0	0	0	0	0	0	0	0	0	0	0	0	0	0	0	0	0	0	0	0	0	0	0	0	0	0	0	0	0	1
44	43	41	45	46	44	44	43	43	44	45	44	46	46	52	57	55	63	69	77	76	80	83	80	80	76	75	72	72	73	76	76	74	75	74	77	78	76	73	74	71	68	67	64	61	56	53	52	45	40	36	31	5	1	1	1	1	1	1	1	1	1	1	1	2	2	2	2	2	2	1	1	1	1	1	1	1	1	1	1	1	1	1	1	1	1	0	0	0	0	0	0	0	0	0	0	0	0	0	0
17	17	20	20	19	18	16	15	15	14	15	16	16	16	16	15	17	15	14	14	15	15	15	16	16	16	16	18	18	20	21	20	20	20	20	19	19	19	19	19	17	17	17	17	16	15	14	13	13	12	11	11	5	2	2	2	1	1	1	1	1	1	1	1	1	1	1	1	2	2	2	2	2	2	2	2	2	4	5	5	5	5	5	5	5	5	5	6	5	5	5	5	5	5	6	6	5	5	4	4
51	52	54	54	56	57	56	55	61	60	61	63	63	66	64	63	70	77	77	78	77	75	74	70	69	71	70	68	68	70	71	70	72	73	76	74	73	73	68	65	62	62	62	62	60	54	52	49	47	46	41	23	0	0	0	0	0	0	0	0	0	0	0	0	0	0	0	0	0	0	0	0	0	0	0	0	0	0	0	0	0	0	0	0	0	0	0	0	0	0	0	0	0	0	0	0	0	0	0	1
18	18	18	15	15	15	14	15	15	16	17	17	17	16	21	26	29	32	32	40	40	41	42	41	40	40	39	38	38	38	38	38	39	39	41	43	42	42	42	42	38	38	38	36	33	30	29	28	28	24	23	21	2	2	2	2	2	2	1	1	1	1	1	1	1	1	1	1	1	1	1	1	1	2	2	2	2	2	2	2	2	2	2	2	4	4	4	4	5	5	5	5	5	5	5	5	5	5	5	5
27	27	28	28	25	23	22	20	16	15	16	18	17	13	13	13	14	19	19	17	22	27	27	28	31	32	38	39	40	40	40	40	40	40	41	41	41	39	38	37	37	36	36	34	32	32	29	25	22	21	20	16	3	0	0	0	0	0	0	0	0	0	0	0	0	0	0	0	0	0	0	0	0	0	0	0	0	0	0	0	0	0	0	0	0	0	0	0	0	0	0	0	0	0	0	0	0	0	0	0
208	213	207	210	208	208	210	210	203	201	193	195	201	208	210	201	204	205	200	208	202	202	200	201	193	191	186	187	187	195	202	206	211	218	217	221	219	212	209	206	205	199	193	189	184	173	167	154	143	138	129	99	2	0	0	0	0	0	0	0	0	0	0	0	0	0	0	0	0	0	0	0	0	0	1	1	1	1	1	1	1	1	1	1	2	2	2	2	2	2	2	2	2	2	2	2	2	2	2	2
20	19	20	19	18	20	17	18	19	22	22	23	22	27	30	29	32	31	31	35	34	36	37	37	37	37	38	41	41	41	41	42	43	44	46	46	43	41	39	36	35	34	31	30	27	26	24	20	18	17	16	11	3	0	0	0	0	0	0	0	0	1	1	1	2	2	2	3	4	4	4	4	4	5	5	5	5	5	5	5	5	5	5	5	5	5	5	5	5	4	4	4	4	4	3	3	3	2	3	2
64	63	64	66	64	62	61	67	67	70	73	73	75	79	78	77	81	81	82	85	88	90	87	85	83	85	84	91	91	91	93	96	96	92	93	100	97	97	96	95	87	83	78	77	69	66	61	54	51	48	40	37	3	0	0	0	0	0	0	0	0	0	0	0	0	1	1	1	2	2	2	2	2	2	2	3	3	3	4	4	4	4	4	3	3	4	4	7	7	7	7	7	7	7	8	8	8	8	9	8
6	6	6	6	6	6	5	5	5	5	5	4	5	4	4	4	4	4	5	5	4	7	7	6	6	7	7	7	8	8	11	11	12	12	13	14	14	14	14	14	14	13	13	13	13	14	14	14	14	14	14	14	1	1	1	1	1	1	1	1	1	1	1	1	1	1	1	1	1	1	1	1	1	0	0	0	0	0	0	0	0	0	0	0	0	0	0	0	0	0	0	0	0	0	0	0	0	0	0	0
15	16	18	17	16	16	15	16	16	19	20	28	30	32	31	31	39	41	41	39	38	37	39	40	40	40	42	44	44	45	48	51	50	49	50	47	43	39	38	38	36	35	35	33	32	29	26	25	21	18	17	14	2	0	0	0	0	0	0	0	0	0	0	0	0	0	0	0	0	0	0	0	0	0	0	0	0	0	0	0	0	0	0	0	0	0	0	0	0	0	0	0	0	0	0	0	0	0	0	0
135	134	133	126	119	118	114	114	111	110	104	107	104	100	97	98	96	89	82	82	85	84	85	84	81	79	77	77	76	77	78	74	76	79	79	87	89	88	87	85	84	83	80	78	75	73	63	61	58	52	50	44	10	0	0	0	0	0	0	0	0	0	0	0	0	0	0	0	0	0	0	0	0	0	0	0	0	0	0	1	1	1	1	1	1	1	1	1	1	1	1	1	1	1	1	1	1	1	1	1
14	14	14	15	14	12	10	10	10	10	12	11	12	12	13	16	16	16	16	16	16	16	16	15	16	14	14	14	14	13	13	13	13	15	15	16	16	18	17	17	16	16	16	16	14	14	14	14	13	13	12	12	3	1	0	1	1	1	1	1	1	1	1	1	1	1	1	1	1	1	1	1	1	1	1	1	1	1	1	1	0	0	0	0	0	0	0	0	0	1	1	1	1	1	1	1	1	1	1	1
23	25	26	26	24	24	25	27	30	30	31	31	31	30	29	28	24	24	24	27	26	27	28	28	27	27	25	23	22	20	20	20	18	18	19	19	21	20	19	18	18	18	18	18	18	16	16	16	14	12	12	9	0	0	0	0	0	0	0	0	0	0	0	0	0	0	0	0	0	0	0	0	0	0	0	0	0	0	0	0	0	0	0	0	0	0	0	0	0	0	0	0	0	0	0	0	0	0	0	0
30	31	31	34	31	31	30	35	36	34	34	37	37	37	35	36	41	44	47	49	50	49	50	49	48	45	44	42	42	42	41	42	42	43	42	43	41	40	40	40	39	37	34	35	32	27	25	23	21	18	16	11	5	2	1	1	2	2	2	2	2	2	2	2	2	2	2	2	2	2	2	1	1	1	1	0	0	0	0	0	1	1	1	1	1	1	1	1	1	1	1	1	1	1	1	1	1	2	2	2
52	52	54	54	51	50	48	47	52	52	48	49	51	51	50	50	51	54	61	59	60	58	58	57	58	57	58	58	57	61	64	66	68	70	78	75	73	77	76	74	73	73	74	72	66	61	56	56	54	48	43	29	16	14	12	11	9	8	9	8	8	7	7	8	9	9	10	12	13	14	12	13	13	14	14	15	15	16	16	16	15	15	16	16	16	16	16	16	17	17	17	17	15	14	13	12	12	11	11	10
15	14	15	15	15	13	12	11	11	14	23	24	31	35	35	38	38	41	44	43	43	42	45	46	47	48	48	48	50	55	55	54	53	54	53	51	51	51	49	47	46	45	43	42	40	38	31	29	25	19	11	8	1	0	0	0	0	0	0	0	0	0	0	1	1	1	1	1	1	1	1	1	1	1	1	1	1	1	1	1	1	1	1	0	0	0	0	0	0	0	0	0	0	0	0	0	0	0	0	0
12	12	12	12	11	10	10	11	11	11	13	13	12	12	13	13	11	14	14	14	14	18	18	18	18	19	19	19	19	18	18	18	19	19	20	19	19	19	19	19	19	19	19	19	19	17	14	13	12	10	10	8	3	1	1	1	1	1	1	1	1	1	1	1	1	1	1	1	1	1	1	1	1	1	1	1	1	1	1	1	1	1	1	1	1	1	1	1	1	1	1	1	1	1	0	0	0	0	0	0
26	25	23	21	23	20	20	22	25	24	26	29	32	33	34	37	38	40	38	38	40	40	40	39	38	38	37	37	40	45	44	45	47	47	47	45	43	43	43	41	40	40	40	38	32	30	28	26	25	23	18	7	1	1	1	1	1	1	1	1	1	1	1	1	1	1	1	1	1	1	1	1	1	1	1	1	1	1	1	1	1	1	1	1	0	0	0	0	0	0	0	0	0	0	0	0	0	0	0	0
79	76	78	82	84	85	85	85	87	93	95	97	99	105	110	119	129	132	140	144	144	143	141	137	136	133	129	129	135	148	149	155	154	160	165	160	166	166	162	154	152	149	147	146	144	135	129	119	113	110	103	80	26	2	2	2	2	2	2	3	3	3	3	3	3	3	3	2	2	2	2	2	2	2	2	2	2	2	1	1	1	1	1	1	1	1	2	1	1	1	1	1	2	2	2	2	2	2	3	3
57	52	52	49	47	46	43	45	45	48	52	68	71	76	84	88	95	94	103	105	106	121	124	125	138	147	151	150	156	155	154	153	155	157	164	164	161	157	154	151	143	142	140	133	123	120	115	110	103	97	91	76	22	2	2	2	2	1	1	1	1	1	1	1	1	1	0	0	0	0	0	0	0	0	0	1	2	2	2	2	2	2	2	2	2	2	2	2	2	2	2	2	2	2	2	3	3	3	2	2
7	7	7	7	7	8	8	7	6	6	6	7	12	10	11	12	12	16	19	21	22	22	23	23	24	24	24	30	31	32	32	34	36	36	38	38	38	35	33	33	30	30	30	30	29	29	28	28	27	24	20	10	0	0	0	0	0	0	0	0	0	0	0	0	0	0	0	0	0	0	0	0	0	0	0	0	0	0	0	0	0	0	0	0	0	0	0	0	0	0	0	0	0	0	0	0	0	0	0	0
12	14	15	14	14	14	14	14	14	15	14	16	16	19	18	17	18	17	17	16	18	18	18	18	19	19	21	21	23	23	22	22	21	22	20	21	22	22	22	21	21	21	19	19	18	17	15	15	14	14	10	8	2	1	1	1	1	1	1	1	1	1	0	0	0	0	0	0	0	0	0	0	0	0	0	0	0	0	0	0	0	0	0	0	0	0	0	0	0	0	0	1	1	1	1	1	1	1	1	1
94	97	100	106	106	110	110	114	114	121	125	135	147	161	168	169	181	196	199	205	208	211	209	206	202	201	198	201	205	207	208	202	211	216	220	222	224	222	220	218	212	206	199	190	188	183	175	173	162	150	145	129	59	8	2	2	2	0	0	0	0	0	0	0	0	0	0	0	1	1	1	2	2	2	2	3	3	3	3	3	3	3	3	3	3	3	3	3	3	3	3	3	2	2	2	2	1	1	1	1
21	22	22	23	22	22	26	29	29	29	33	31	31	32	31	31	30	32	28	26	28	27	27	28	27	27	26	25	26	29	31	32	31	34	34	34	33	31	30	30	29	28	28	28	27	27	25	22	20	17	14	9	0	0	0	0	0	0	0	0	0	0	0	0	0	0	0	0	0	0	0	0	0	0	0	0	0	0	0	0	0	0	0	0	0	0	0	0	0	0	0	0	0	0	0	0	0	0	0	0
33	36	33	36	34	34	31	31	31	31	32	35	36	41	44	47	53	55	59	61	68	71	69	67	64	62	62	62	62	61	61	61	60	60	58	58	56	52	49	47	45	40	35	33	30	30	30	26	24	21	18	9	3	1	2	2	2	2	2	2	2	2	2	2	2	2	2	2	2	2	2	2	2	2	2	2	1	1	1	1	1	1	1	1	1	1	0	0	0	0	0	0	0	0	0	1	1	1	1	1
38	38	39	39	40	38	34	33	34	34	35	37	38	40	44	47	60	63	75	89	91	89	94	95	97	97	96	92	92	94	93	94	94	99	106	107	105	101	97	96	95	95	93	91	87	75	69	66	55	52	45	27	5	1	1	1	1	1	1	1	1	1	1	1	1	1	1	1	1	2	2	2	2	2	2	3	3	3	3	3	3	3	3	2	2	2	2	2	2	2	2	2	2	3	3	3	3	3	3	3
2	2	2	2	2	2	2	2	2	2	2	2	1	1	1	1	1	1	1	1	1	1	1	1	0	0	0	0	1	1	1	1	1	1	2	2	4	4	7	8	8	8	8	8	8	8	8	9	9	9	9	8	3	3	3	3	3	3	3	2	2	2	1	1	1	1	1	0	0	0	0	0	0	0	0	0	0	0	0	0	0	0	0	0	0	0	0	0	0	0	0	0	0	0	0	0	0	0	0	0
20	20	20	21	21	22	23	22	23	24	26	25	27	29	29	25	27	26	27	24	25	24	25	26	27	30	32	32	33	35	35	35	37	37	38	38	35	35	35	35	35	35	33	33	31	28	27	25	24	24	22	18	0	0	0	0	0	0	0	0	0	0	0	0	0	0	0	0	0	0	0	0	0	0	0	0	1	1	1	1	1	1	1	1	1	1	1	1	1	1	0	0	0	0	0	0	0	0	0	0
6	6	6	7	8	8	8	9	10	10	9	9	10	11	11	10	9	9	10	11	13	14	15	17	16	16	14	14	14	14	17	18	19	20	21	21	21	20	20	20	20	20	18	16	15	14	14	14	14	12	11	7	1	0	0	0	0	0	0	0	0	0	0	0	0	0	0	0	0	0	0	0	0	0	2	2	2	2	2	2	2	2	2	2	2	2	2	2	2	2	2	2	3	3	2	2	2	2	2	2
84	86	82	81	74	72	72	66	67	65	67	71	73	78	85	86	83	85	86	91	92	91	93	92	93	94	94	95	94	106	110	116	126	127	133	142	144	142	142	137	132	131	131	130	128	122	120	119	115	111	99	74	6	5	4	4	4	4	4	3	3	3	3	3	3	3	3	2	2	3	3	3	2	2	2	2	2	2	1	1	1	2	2	2	2	2	2	2	2	2	1	1	1	1	2	2	2	1	1	1
17	18	19	20	20	20	18	20	22	23	24	26	27	28	27	28	30	30	30	30	29	30	30	28	29	27	26	27	24	26	27	28	31	33	33	35	35	35	35	34	33	33	33	33	33	31	30	29	26	26	26	21	0	0	0	0	0	0	0	0	0	0	0	0	1	1	1	1	1	1	1	1	1	1	1	1	1	1	1	1	1	1	1	1	1	0	0	1	1	1	1	1	1	1	1	1	1	1	1	1
50	47	44	39	38	37	38	42	42	42	46	49	46	44	47	50	53	54	56	60	60	59	58	58	58	57	57	60	61	66	68	69	73	76	81	83	75	72	69	68	68	59	58	57	55	50	47	43	41	40	37	24	4	0	0	0	0	0	0	0	0	0	0	0	0	0	0	0	0	0	0	0	0	0	0	0	0	0	0	0	0	0	0	0	0	0	0	0	0	0	0	0	0	0	0	0	0	0	0	0
2	2	2	2	2	2	2	2	2	3	3	3	4	3	3	3	3	2	4	5	6	6	6	6	8	9	9	10	10	11	11	11	11	12	12	12	12	12	12	12	11	10	10	10	10	10	10	9	7	5	4	3	0	0	0	0	0	0	0	0	0	0	0	0	0	0	0	0	0	0	0	0	0	0	0	0	0	0	0	0	0	0	0	0	0	0	0	0	0	0	0	0	0	0	0	0	0	0	0	0
28	28	28	31	30	29	28	29	30	28	27	30	33	34	34	34	38	39	39	44	51	51	52	52	51	51	48	49	50	55	57	55	59	61	68	69	69	67	67	64	63	58	57	58	55	53	53	49	48	47	46	40	19	10	9	9	10	10	9	8	7	7	6	6	7	7	6	6	7	9	9	9	9	9	8	8	9	9	8	9	9	9	9	9	9	9	10	10	10	10	9	9	9	9	9	9	9	9	9	8
12	12	12	13	13	13	14	15	15	15	16	16	16	18	20	21	22	23	23	24	26	24	26	26	27	26	26	25	26	26	27	27	26	25	25	25	26	26	26	25	25	25	24	23	22	21	18	17	15	14	12	6	1	1	1	1	1	1	1	1	1	0	0	0	0	0	0	0	0	0	0	0	0	0	0	0	0	0	0	0	0	0	0	0	0	0	0	0	0	0	0	0	0	0	0	0	1	1	1	1
137	138	139	139	148	151	146	160	169	180	197	198	210	221	227	234	240	237	236	239	236	237	241	248	261	265	269	272	278	270	272	293	282	287	305	303	297	292	282	274	270	269	259	252	244	223	209	193	181	169	162	136	21	15	12	10	10	10	9	10	10	10	10	9	8	9	9	9	9	9	9	7	8	8	7	8	7	7	8	7	7	8	7	7	8	9	9	9	9	9	10	10	11	11	11	11	12	12	12	13
27	26	28	27	25	25	24	23	25	26	27	26	29	33	37	36	38	38	45	51	52	51	52	50	49	49	47	48	56	56	59	58	59	59	61	64	63	64	62	62	61	60	57	57	54	52	49	45	43	35	29	24	7	2	1	0	0	0	0	0	0	0	0	0	0	1	1	1	1	1	1	1	1	1	1	1	1	1	1	1	1	1	1	1	0	0	0	0	0	0	0	0	0	0	0	0	0	0	0	0
10	10	10	10	10	11	12	12	11	11	11	11	12	10	11	11	11	11	10	11	11	9	7	8	8	8	8	7	7	8	9	9	10	10	11	13	14	14	14	14	14	14	14	14	14	14	14	13	11	11	11	8	2	1	1	1	1	1	1	1	1	1	1	1	1	1	1	0	0	0	0	0	1	1	1	1	1	1	1	1	1	1	1	1	1	1	1	1	1	1	1	1	1	1	1	1	1	1	1	1
30	30	33	31	31	30	29	30	31	32	32	33	34	32	32	32	31	32	30	31	30	31	33	32	33	30	28	31	34	36	35	36	37	37	38	41	41	38	38	38	36	35	35	35	33	32	29	28	27	23	21	17	9	3	2	1	0	0	0	0	0	0	0	0	0	0	0	0	0	0	0	0	0	0	0	0	0	0	0	0	0	0	0	0	0	0	0	0	0	0	0	0	0	0	0	1	1	1	1	1
9	9	8	8	8	8	7	8	8	11	10	12	15	15	16	18	19	22	23	22	22	24	24	24	24	24	25	26	28	29	31	31	32	32	35	35	34	33	33	33	32	32	30	28	26	25	21	21	20	18	17	10	0	0	0	0	0	0	0	0	0	0	0	0	0	0	0	0	0	0	0	0	0	0	0	0	0	0	0	0	0	0	0	0	0	0	0	0	0	0	0	0	0	0	0	0	0	0	0	0
12	13	12	11	9	11	12	12	12	12	12	12	12	12	12	14	15	18	17	18	22	27	27	25	26	25	25	25	26	28	30	31	33	36	36	37	37	36	35	35	33	32	32	31	31	28	27	27	25	25	23	18	1	1	1	1	1	1	1	1	1	1	1	1	1	1	1	1	1	1	1	1	1	1	1	1	1	1	1	1	1	1	1	1	1	2	2	1	1	1	1	1	1	1	1	1	1	1	1	1
14	13	13	14	14	14	14	14	13	13	16	18	18	18	18	19	19	19	19	19	21	23	27	26	26	29	30	31	31	31	31	30	32	33	35	37	37	36	37	37	37	35	35	35	34	33	32	32	30	29	29	21	2	0	0	0	0	0	0	0	0	0	0	0	0	0	0	0	0	0	0	0	0	0	0	0	0	0	0	0	0	0	0	0	0	0	0	0	0	0	1	1	1	1	1	1	1	1	1	1
51	54	53	58	58	61	61	60	62	61	66	67	69	69	68	69	72	72	77	76	71	72	69	69	68	66	66	64	66	71	72	75	77	76	78	76	75	73	70	69	68	68	66	64	58	55	55	51	50	49	47	34	1	0	0	0	0	0	0	0	0	0	0	0	0	0	0	0	0	0	0	0	0	0	0	0	0	0	0	0	0	0	0	0	0	0	0	0	1	1	1	1	1	1	1	1	1	1	1	1
42	40	40	40	40	39	39	38	36	35	34	37	37	34	33	32	29	28	27	22	14	13	13	12	11	11	10	10	10	10	11	11	11	15	16	17	16	16	16	16	16	15	15	15	13	10	10	9	8	7	7	5	0	0	0	0	0	0	0	0	0	0	0	0	0	0	0	0	0	0	0	0	0	0	0	0	0	0	0	0	0	0	0	0	0	0	0	0	0	0	0	0	0	0	0	0	0	0	0	0
1	2	2	2	3	3	4	4	6	6	7	8	11	11	12	12	12	12	12	13	14	15	15	14	13	13	13	13	13	13	14	16	16	17	18	18	18	16	15	14	12	11	11	10	9	8	8	8	8	7	7	3	0	0	0	0	0	0	0	0	0	0	0	0	0	0	0	0	0	0	0	0	0	0	0	0	0	0	0	0	0	0	0	0	0	0	0	0	0	0	0	0	0	0	1	1	1	1	1	1
9	9	9	8	7	6	6	6	6	6	8	8	9	8	9	11	12	12	13	13	13	13	13	12	12	13	14	14	15	15	17	18	19	19	19	21	23	24	24	23	22	22	21	21	21	21	21	21	21	20	19	19	12	7	0	0	0	0	0	0	0	0	0	0	0	0	0	0	0	0	0	0	0	0	0	0	0	0	0	0	0	0	0	0	0	0	0	0	0	0	0	0	0	0	0	0	0	0	0	1
14	13	13	13	13	14	14	14	14	14	14	14	16	16	16	18	19	20	22	22	21	22	19	17	17	17	16	16	16	15	16	18	19	20	21	21	21	20	20	20	20	20	20	20	19	18	16	15	15	15	14	8	1	1	1	1	1	1	1	1	1	1	1	1	1	0	0	0	0	0	0	0	0	0	0	0	0	0	0	0	0	0	0	0	0	0	0	0	0	0	0	0	0	0	0	0	0	0	0	0
13	13	13	13	12	13	13	14	13	14	14	14	13	13	13	15	13	14	14	14	14	15	15	13	13	12	12	12	13	14	15	17	18	17	16	16	17	17	17	17	17	17	16	14	14	14	14	11	11	11	11	11	3	0	0	0	0	0	0	0	0	0	0	0	0	0	0	0	0	0	0	0	0	0	0	0	0	0	0	0	0	0	1	1	1	1	1	1	1	1	1	1	1	1	1	1	1	1	1	1
6	6	5	5	5	4	5	6	7	9	8	11	13	14	15	15	16	17	17	17	17	18	18	17	17	17	17	17	18	18	19	22	22	21	22	22	22	23	22	22	22	22	22	22	22	20	20	19	18	17	16	15	4	2	1	1	1	1	1	1	1	1	1	1	1	1	1	1	1	1	1	1	1	1	1	1	1	0	1	1	1	1	1	1	1	1	1	1	1	1	1	1	1	1	1	0	0	0	0	0
15	15	18	17	17	17	18	19	19	19	20	20	23	23	27	29	35	37	37	36	38	39	39	39	36	34	33	34	38	39	42	41	42	42	40	44	44	44	42	42	42	41	40	40	38	37	36	35	32	31	30	28	4	3	3	1	1	1	1	1	1	1	1	1	0	0	1	1	1	1	1	1	1	1	1	2	2	2	2	2	2	2	3	3	3	3	3	3	5	5	5	5	6	6	6	6	6	8	9	9
9	9	7	6	7	7	8	8	9	9	10	10	10	10	11	10	9	8	8	11	11	11	11	10	10	10	10	12	11	11	11	11	12	12	11	9	9	9	9	9	8	8	8	8	7	7	7	7	7	7	7	6	1	0	0	0	0	0	0	0	0	0	0	0	0	0	0	0	0	0	0	0	0	0	0	0	0	0	0	0	0	0	0	0	0	0	0	0	0	0	0	0	0	0	0	0	0	0	0	0
61	61	62	63	64	59	60	61	61	68	68	75	83	83	82	90	90	88	88	90	92	93	92	93	93	91	93	96	93	94	98	98	102	100	104	100	98	96	97	95	92	89	89	85	82	80	75	72	67	60	56	48	5	0	0	0	0	0	0	0	0	0	0	0	0	0	0	0	0	0	0	0	0	2	2	2	2	2	2	2	2	2	2	2	2	2	2	2	2	0	0	0	0	0	0	0	0	0	0	0
9	9	9	9	9	9	8	8	9	10	11	14	16	18	20	19	20	22	21	22	25	25	23	23	23	23	24	24	25	25	25	29	30	30	31	31	31	29	28	28	28	27	26	26	26	25	24	20	20	19	18	17	6	1	1	1	1	1	1	1	1	1	1	1	1	1	1	1	1	1	1	1	0	0	0	0	0	0	0	0	0	0	0	0	0	0	0	0	1	1	1	1	1	1	1	1	1	1	1	1
11	11	11	10	9	10	10	10	11	11	10	11	11	10	11	11	10	13	13	15	19	18	18	18	18	18	20	20	21	21	21	21	20	20	21	20	20	20	20	20	20	19	18	18	17	15	15	14	12	11	9	9	1	0	0	0	0	0	0	0	0	0	0	0	0	0	0	0	0	0	0	0	0	0	0	0	0	0	0	0	0	0	0	0	0	0	0	0	0	0	0	0	0	0	0	0	0	0	0	0
16	17	18	18	17	17	18	17	16	15	14	14	15	14	17	17	18	18	20	19	20	18	15	15	15	15	15	16	15	19	24	26	27	33	37	38	37	37	36	36	35	35	33	32	32	32	31	29	28	26	24	20	7	3	0	0	0	0	0	0	0	0	0	0	0	0	0	0	0	0	0	0	0	0	0	0	0	0	0	0	0	0	0	0	0	0	0	0	0	0	0	0	0	0	0	0	0	0	0	0
14	14	15	15	15	16	16	17	18	17	17	16	18	19	23	23	23	23	23	24	24	24	25	25	25	24	27	27	26	29	31	32	32	30	29	28	28	26	26	26	26	24	21	20	19	19	18	15	15	14	12	11	0	0	0	0	0	0	0	1	1	1	1	1	1	1	1	1	1	1	1	1	1	1	1	1	1	1	1	1	1	1	0	0	0	0	0	0	0	0	0	0	0	0	0	0	0	0	0	0
1	2	3	4	5	5	6	6	6	6	6	6	6	6	6	5	5	6	7	8	8	9	9	10	9	9	9	9	9	8	8	9	10	10	11	13	13	14	13	12	11	11	11	11	11	11	9	9	9	9	8	7	3	3	1	1	1	1	1	2	2	2	2	2	2	2	2	2	2	2	2	2	2	2	1	1	1	1	1	1	1	1	2	2	2	1	1	1	1	1	1	1	1	1	1	1	1	1	1	0
31	30	29	24	24	25	26	25	26	28	27	27	27	27	28	30	32	33	37	40	43	44	44	43	46	49	49	52	56	59	59	62	67	73	74	75	72	70	69	67	67	66	63	59	54	51	47	43	41	39	34	28	10	3	1	1	1	1	1	1	1	1	1	1	1	1	1	1	1	1	0	0	0	0	0	0	1	1	1	1	1	1	1	1	1	2	2	2	2	2	2	2	2	2	2	2	1	1	1	1
10	10	10	11	12	14	14	14	13	12	10	9	9	9	10	10	10	12	12	11	11	16	14	14	14	15	14	14	14	14	14	14	14	14	14	14	14	13	13	12	12	11	11	10	10	10	10	9	9	9	9	6	0	0	0	0	0	0	0	0	0	0	0	0	0	0	0	0	0	0	0	0	0	0	0	0	0	0	0	0	0	0	0	0	0	0	0	0	0	0	0	0	0	0	0	0	0	0	0	0
4	5	5	5	5	5	5	5	5	4	5	5	5	5	5	7	8	7	7	8	10	10	10	8	8	8	8	8	8	10	11	13	13	14	14	14	14	14	13	13	13	13	12	12	10	9	8	8	7	7	6	3	0	0	0	0	0	0	0	0	0	0	0	0	0	0	0	0	0	0	0	0	0	0	0	0	0	0	0	0	0	0	0	0	0	0	0	0	0	0	0	0	0	0	0	0	0	0	0	0
64	60	64	58	60	62	64	61	64	63	69	70	73	78	81	84	87	90	104	113	124	123	124	120	115	113	110	106	107	109	110	115	118	117	114	114	109	109	109	109	108	106	102	94	86	82	76	71	63	64	56	36	6	7	7	7	6	6	5	6	6	7	7	7	7	7	7	7	7	6	8	7	7	8	8	7	8	9	9	9	8	9	10	10	10	9	9	8	8	9	8	8	7	6	6	6	6	4	4	4
5	5	5	5	5	6	7	7	7	7	10	12	13	13	13	13	14	14	16	17	16	17	19	17	19	19	19	20	22	20	21	22	22	23	23	21	21	21	21	20	20	19	19	19	19	17	16	14	14	13	12	10	1	1	1	1	1	1	1	1	1	1	1	1	1	0	0	0	0	0	0	0	0	0	0	0	0	0	0	0	0	0	0	0	0	0	0	0	0	0	0	1	1	1	1	1	1	1	1	1
6	6	6	7	7	9	9	9	9	9	8	10	10	10	10	10	10	12	12	13	15	15	15	16	17	17	16	15	15	16	19	19	19	19	19	19	19	20	20	20	19	18	18	18	18	18	18	16	16	14	12	11	6	5	5	2	2	2	2	2	1	0	0	0	0	0	0	0	0	0	0	0	0	0	0	0	0	0	0	0	0	0	0	0	0	0	0	0	0	0	0	0	0	0	0	0	0	0	0	0
2	2	2	2	2	2	2	2	2	2	2	2	2	2	1	1	1	1	1	1	2	3	3	3	3	3	3	3	3	3	3	3	5	6	20	20	29	29	29	29	29	29	29	29	29	28	28	28	28	28	27	25	5	3	0	0	0	0	0	0	0	0	0	0	0	0	0	0	0	0	0	0	0	0	0	0	0	0	0	0	0	0	0	0	0	0	0	0	0	0	0	0	0	0	0	0	0	0	0	0
69	69	72	74	76	75	74	78	74	77	82	83	83	89	91	91	94	90	97	99	101	101	102	98	97	94	91	91	93	93	96	98	96	97	100	96	93	93	89	89	88	86	78	74	68	62	57	49	48	45	38	29	1	1	1	0	0	0	0	0	0	0	0	0	0	0	0	0	0	0	0	0	0	0	0	0	0	0	0	0	0	0	0	0	0	0	0	0	0	0	0	0	0	0	0	0	0	0	0	0
8	7	6	6	8	8	8	8	8	8	7	9	10	10	9	8	12	16	17	19	22	22	24	25	25	25	23	23	24	24	28	28	28	31	33	32	32	32	32	32	31	31	30	29	29	29	29	28	28	27	21	10	1	2	2	2	2	2	2	2	2	2	2	2	2	2	2	3	3	3	3	3	2	2	2	2	2	3	2	2	2	2	2	2	2	2	2	2	2	2	2	1	1	1	1	1	1	1	1	1
1006	991	981	958	951	973	998	1010	1017	1029	1057	1094	1235	1308	1289	1406	1466	1506	1637	1675	1679	1731	1750	1768	1749	1692	1645	1611	1574	1561	1572	1570	1573	1596	1616	1602	1607	1582	1531	1502	1475	1423	1366	1311	1240	1168	1088	1019	953	888	832	769	274	68	3	0	0	0	0	0	0	0	0	0	0	0	0	0	0	0	0	0	0	0	0	0	0	0	0	0	0	0	0	0	0	0	0	0	0	0	0	0	0	0	0	0	0	0	0	0
64	70	70	69	69	72	74	75	75	75	82	82	81	84	86	87	93	96	97	95	102	100	99	96	95	93	93	93	101	101	104	102	103	108	108	112	113	111	111	106	102	99	98	96	89	83	82	78	74	63	60	34	8	1	1	1	1	1	1	1	1	1	1	1	1	0	0	0	0	0	0	0	0	0	0	0	0	0	0	0	0	0	0	0	0	0	0	0	0	0	0	0	0	0	0	0	0	0	0	0
11	13	14	14	13	12	10	10	11	11	13	13	13	14	15	17	18	18	18	18	16	16	18	19	23	21	24	24	24	30	29	29	29	27	27	28	29	28	28	28	26	26	26	26	26	24	24	23	23	23	22	15	5	1	1	1	0	0	0	0	0	0	0	0	0	0	0	0	0	0	0	0	0	0	0	0	0	0	0	0	0	0	0	0	0	0	0	0	0	0	0	0	1	1	1	1	1	1	1	1
11	11	16	17	20	26	28	31	33	34	40	44	46	46	46	45	48	51	55	57	58	58	57	57	56	57	57	59	61	57	60	58	56	56	59	58	54	48	46	44	39	38	36	36	35	30	26	24	22	18	15	12	1	1	1	1	1	1	1	1	1	1	1	1	1	1	1	1	1	1	1	1	1	1	1	2	1	1	1	1	1	1	1	1	1	1	1	1	1	1	2	2	2	2	2	2	2	1	1	1
11	11	10	10	9	8	8	8	8	8	8	10	12	12	12	14	15	16	21	23	23	23	23	23	23	24	25	25	24	26	26	25	27	26	25	26	26	25	24	23	23	23	23	23	22	21	21	20	19	18	18	14	4	1	0	0	0	0	0	0	0	0	0	0	0	0	0	0	0	0	0	0	0	0	0	0	0	0	0	0	0	0	0	0	0	0	0	0	0	0	0	0	0	0	0	0	0	0	0	0
25	27	28	28	27	26	30	30	29	30	29	33	35	43	45	48	48	49	46	46	47	46	46	48	47	46	49	44	45	46	44	45	52	54	52	54	52	51	50	49	48	48	48	49	49	48	46	43	41	33	32	24	12	7	7	6	6	6	6	5	5	3	3	3	3	3	3	2	1	1	1	1	1	1	1	1	2	2	3	5	5	4	4	4	4	4	4	4	4	5	5	5	5	5	5	4	4	1	1	1
39	38	41	43	43	45	46	47	48	53	57	62	65	69	71	76	79	83	81	83	89	94	95	95	91	90	91	95	101	100	104	104	103	100	106	107	105	103	99	96	92	85	81	75	71	64	62	57	52	47	43	24	1	1	1	0	0	0	0	0	0	0	0	0	0	0	0	0	0	0	0	0	0	0	0	0	0	0	0	0	0	0	0	0	0	0	0	0	0	0	0	0	0	0	0	0	0	0	0	0
10	11	12	10	11	12	12	13	13	13	16	15	16	17	19	20	21	21	22	25	27	27	27	26	26	27	28	30	30	30	29	28	28	30	30	31	32	32	31	30	29	28	27	27	27	27	26	24	23	22	22	21	7	3	2	2	2	2	2	1	1	1	1	1	2	2	2	2	1	1	1	1	1	1	1	1	1	1	1	1	1	1	0	0	0	1	1	1	1	1	1	1	1	1	1	1	1	1	1	1
6	6	6	6	6	6	3	2	2	0	0	0	0	0	0	0	1	1	1	3	3	3	5	5	5	5	5	5	5	5	5	5	6	8	7	7	8	8	7	7	7	7	7	7	7	7	7	7	7	7	7	7	2	0	0	0	0	0	0	0	0	0	0	0	0	0	0	0	0	0	0	0	0	0	0	0	0	0	0	0	0	0	0	0	0	0	0	0	0	0	0	0	0	0	0	0	0	0	0	0
36	37	41	43	46	45	47	46	46	46	51	51	56	58	59	66	67	65	66	65	66	68	70	67	65	64	65	65	66	66	66	67	69	74	75	75	73	76	73	71	67	64	63	62	61	59	57	55	51	46	45	42	3	1	0	0	0	0	0	0	0	0	0	0	0	0	0	0	0	0	0	0	0	0	0	0	0	0	0	0	0	0	0	0	0	0	0	0	0	0	0	0	0	0	0	0	0	0	0	0
64	63	64	66	64	63	62	60	61	62	60	63	66	68	71	83	87	86	87	91	95	106	102	102	104	104	105	108	113	111	107	115	121	122	129	130	132	132	130	129	125	123	122	119	114	108	105	103	100	97	91	36	1	0	0	0	0	0	0	0	0	0	0	0	0	0	0	0	0	0	0	0	0	0	0	0	0	0	0	0	0	0	0	0	0	0	0	0	0	0	0	0	0	0	0	0	0	0	0	0
23	22	24	24	24	26	25	26	27	27	28	27	26	25	26	26	29	27	28	31	31	35	35	32	32	31	30	30	32	32	34	38	36	36	39	39	38	38	38	37	34	32	29	26	26	26	25	23	23	23	23	11	2	2	2	2	2	2	2	2	2	2	2	2	2	2	2	2	2	2	2	2	2	2	1	1	1	1	1	0	0	0	0	0	0	0	0	0	0	0	0	0	0	0	0	0	0	0	0	0
19	20	19	19	20	19	19	20	19	17	17	18	17	20	20	22	25	26	25	25	25	25	24	23	27	27	28	30	33	35	39	41	41	41	42	45	51	51	53	52	50	50	49	49	49	46	46	46	46	45	41	38	6	0	0	0	0	0	0	0	0	0	0	0	0	0	0	0	0	0	0	0	0	0	0	0	0	0	0	0	0	0	0	0	0	0	0	0	0	0	0	0	0	0	0	0	0	0	0	0
5	4	4	4	4	4	3	5	5	5	5	5	5	5	5	5	7	7	7	7	7	8	7	7	7	7	7	7	7	7	7	8	8	8	9	10	9	9	9	9	9	9	9	9	9	9	9	7	7	6	5	4	0	0	0	0	0	0	0	0	0	0	0	0	0	0	0	0	0	0	0	0	0	0	0	0	0	0	0	0	0	0	0	0	0	0	0	0	0	0	0	0	0	0	0	0	0	0	0	0
5	5	5	5	5	5	5	4	4	4	5	5	5	5	5	5	5	4	4	4	4	4	3	3	3	3	4	4	3	4	5	5	5	5	5	5	5	5	5	5	5	5	5	4	4	4	4	4	4	4	4	3	0	0	0	0	0	0	0	0	0	0	0	0	0	0	0	0	0	0	0	0	0	0	0	0	0	0	0	0	0	0	0	0	0	0	0	0	0	0	0	0	0	0	0	0	0	0	0	0
41	37	37	37	37	36	32	33	34	36	36	37	37	36	34	30	30	31	33	34	33	33	31	31	30	28	27	27	27	29	34	35	35	32	36	37	38	37	36	36	36	35	34	33	31	28	28	28	28	24	23	20	3	0	0	0	0	0	1	1	1	1	2	2	4	4	4	4	4	5	5	5	5	5	5	5	5	5	5	5	5	5	5	4	4	4	3	3	2	1	1	1	1	1	0	0	0	0	0	0
48	48	48	48	45	40	39	39	39	37	42	46	50	51	51	58	63	66	74	78	84	86	86	86	84	81	80	78	78	83	87	99	101	114	115	112	113	111	108	104	100	97	96	94	91	82	75	70	65	59	55	45	3	0	0	0	0	0	0	0	0	0	0	0	0	0	0	0	0	0	0	0	0	0	0	0	0	0	0	0	0	0	0	0	0	0	0	0	0	0	0	0	0	0	0	0	0	0	0	0
8	9	10	10	11	10	11	11	11	11	11	12	10	11	11	13	12	11	12	13	13	13	14	13	13	12	12	12	13	15	15	15	16	16	17	17	17	17	16	16	15	14	14	14	13	13	13	13	13	13	11	6	2	0	0	0	0	0	0	0	0	1	1	1	1	1	1	1	1	1	1	1	1	1	1	1	1	1	1	1	1	1	1	1	1	1	1	1	1	1	1	1	1	1	1	1	1	1	1	1
6	6	6	4	4	4	3	3	3	6	8	8	8	10	10	11	11	11	11	13	13	13	13	13	13	14	14	16	17	19	19	20	19	21	20	21	21	19	19	17	17	17	16	15	14	15	14	14	14	13	13	13	4	1	1	1	1	1	1	1	1	1	1	1	1	0	0	0	0	0	0	0	0	0	0	0	0	0	0	0	0	0	0	0	0	0	0	0	0	0	0	0	0	0	0	0	0	0	0	0
63	63	62	61	60	61	60	59	61	61	59	60	60	55	59	61	64	65	71	70	70	73	77	74	70	70	70	70	70	73	78	81	85	85	89	84	83	81	78	77	75	72	72	72	68	62	58	52	51	45	41	37	15	1	1	0	0	0	0	0	0	0	0	0	0	0	0	0	0	0	0	0	0	0	0	0	0	0	0	0	0	0	0	0	0	0	0	0	0	0	0	0	0	0	0	0	0	0	0	0
19	17	17	15	15	15	14	16	14	16	15	16	17	16	15	22	22	23	24	25	29	29	31	31	31	30	28	30	31	34	36	36	36	38	38	37	37	37	34	33	33	31	30	29	29	26	24	23	22	20	19	11	3	1	1	1	1	1	1	1	1	1	2	2	2	2	2	2	2	2	2	2	2	2	2	2	2	2	2	2	1	1	0	0	0	0	0	0	0	0	0	0	0	0	0	0	0	0	0	0
8	9	8	8	8	7	6	5	4	4	4	4	4	4	4	5	5	7	7	8	7	7	8	9	9	9	9	8	8	8	8	8	7	7	8	9	9	8	8	8	8	8	8	8	8	9	8	6	6	6	6	4	1	1	1	1	1	1	1	1	1	1	1	1	1	1	1	1	1	1	1	1	1	1	1	1	1	1	1	1	1	1	0	0	0	0	0	0	0	0	0	0	0	0	0	0	0	0	0	0
14	14	14	14	14	11	11	11	11	10	10	9	8	7	6	8	8	8	10	11	10	11	13	13	10	10	12	12	12	12	14	14	18	22	24	25	25	25	25	25	24	23	23	23	23	22	22	22	21	21	19	18	8	2	0	0	0	0	0	0	0	0	0	0	0	0	0	0	0	0	0	0	0	0	0	0	0	0	0	0	0	0	0	0	0	0	0	0	0	0	0	0	0	0	0	0	0	0	0	0
150	156	151	150	147	147	145	148	153	165	168	173	187	181	174	170	172	176	177	177	172	168	170	164	163	159	158	160	161	168	168	170	173	174	184	185	187	186	182	182	177	173	171	169	161	150	135	129	124	116	108	60	1	0	0	0	0	0	0	0	0	0	0	0	0	0	0	0	0	0	0	0	0	1	1	1	1	1	1	1	1	1	1	1	1	1	1	1	1	1	1	1	1	1	1	0	0	0	0	0
42	41	42	43	46	45	43	45	44	47	49	57	57	61	62	62	63	63	64	67	69	70	70	68	69	67	67	70	73	72	77	76	73	81	86	89	88	88	86	82	80	79	77	76	75	73	69	61	58	53	50	33	10	0	0	0	0	0	0	0	0	0	0	0	0	0	0	0	0	0	0	0	0	0	0	0	0	0	0	0	0	0	0	0	0	0	0	0	0	0	0	0	0	0	0	0	0	0	0	0
5	4	3	2	2	2	2	2	2	2	1	2	2	2	2	3	3	4	4	6	7	7	8	9	10	10	11	11	11	10	10	10	10	10	10	9	9	9	9	9	9	9	9	9	9	9	7	7	6	5	5	5	2	2	2	1	0	0	0	0	0	0	0	0	0	0	0	0	0	0	0	0	0	0	0	0	0	0	0	0	0	0	0	0	0	0	0	0	0	0	0	0	0	0	0	0	0	0	1	1
15	16	15	15	15	15	15	14	14	14	12	11	10	14	13	14	15	18	17	18	18	18	18	19	18	19	20	20	20	20	19	21	23	24	26	24	27	27	27	27	27	26	26	26	25	23	23	22	21	20	19	15	0	0	0	0	0	0	0	1	1	1	1	1	1	1	1	1	1	1	1	1	1	1	1	1	1	1	1	1	1	1	0	0	0	0	0	0	0	0	0	0	0	0	0	0	0	0	0	0
602	584	587	593	597	612	592	620	609	617	642	673	691	711	730	741	785	802	789	849	861	855	863	860	854	851	836	832	827	827	832	826	861	871	903	882	882	851	836	815	790	766	741	695	658	607	572	542	520	478	418	246	20	7	6	6	6	5	5	5	6	6	4	7	8	8	8	7	7	7	5	5	7	8	8	8	8	9	9	9	8	8	8	8	9	9	8	9	9	10	10	11	11	11	10	9	8	7	7	6
23	21	22	22	22	20	21	20	21	18	16	15	15	15	16	17	19	19	22	22	20	20	22	25	25	25	24	24	24	24	24	23	24	25	25	27	26	25	24	23	23	21	20	20	18	14	14	13	13	11	11	9	1	0	0	0	0	0	0	0	0	0	0	0	0	0	0	0	0	0	0	0	0	1	1	1	1	2	2	2	2	2	2	2	2	2	2	2	2	2	2	2	2	2	2	2	1	1	1	1
33	29	27	24	25	22	23	23	23	25	26	26	24	28	27	27	28	28	29	27	28	26	26	24	26	27	29	30	33	36	40	39	40	41	42	43	42	41	41	41	41	41	40	40	40	38	34	32	31	30	29	24	7	4	1	1	1	1	1	1	1	1	1	1	1	1	1	1	1	1	0	0	0	0	0	0	0	0	0	0	0	0	0	0	0	0	0	0	0	0	0	0	0	0	0	0	0	0	0	0
9	8	8	9	9	9	8	7	7	9	9	11	10	8	12	12	12	13	16	17	17	19	22	23	22	23	24	26	25	26	26	26	26	31	31	31	31	31	30	27	26	25	24	24	24	24	23	21	20	20	20	17	8	5	5	5	5	4	2	1	2	1	1	1	1	1	1	1	1	1	1	1	1	1	1	1	1	1	1	1	1	1	1	1	1	0	0	1	1	1	1	1	1	1	1	1	1	1	1	1
9	10	10	11	11	11	11	11	11	11	11	11	11	10	8	9	12	12	12	12	10	10	10	10	10	10	10	11	11	10	11	13	13	14	14	16	15	15	15	15	14	14	14	13	13	12	12	12	10	9	6	6	0	0	0	0	0	0	0	0	0	0	0	0	0	0	0	0	0	0	0	0	0	0	0	0	0	0	0	1	1	1	1	2	2	2	3	3	3	3	3	3	3	3	3	3	3	3	3	3
19	19	18	16	16	16	22	23	26	26	27	28	29	33	34	35	36	35	36	38	38	39	39	39	36	36	35	34	34	37	37	38	39	36	36	37	37	37	37	37	37	37	37	36	36	32	29	29	26	23	15	10	0	0	0	0	0	0	0	0	0	0	0	0	0	0	0	0	0	0	0	0	0	0	0	0	0	0	0	0	0	0	0	0	0	0	0	0	0	0	0	0	0	0	0	0	0	0	0	0
49	50	49	47	45	44	47	46	47	48	49	46	46	44	41	40	43	46	49	56	57	57	60	63	67	76	78	78	81	82	84	86	86	90	90	90	87	83	82	81	81	80	79	77	75	74	73	72	66	64	63	53	13	9	9	8	8	8	9	8	7	6	5	5	5	6	6	6	4	5	5	5	7	6	6	6	5	6	6	6	6	7	7	7	7	6	6	6	6	6	6	5	6	6	7	7	6	7	7	7
20	19	19	19	19	17	15	15	16	17	17	18	15	16	19	20	18	23	24	24	24	24	23	23	23	23	23	23	24	24	25	25	28	31	31	32	32	32	31	30	27	27	25	25	25	25	23	22	20	19	17	17	6	0	0	0	0	0	0	0	0	0	0	0	0	0	0	0	0	0	0	0	0	0	0	0	0	0	0	0	0	0	0	0	0	0	0	0	0	0	0	0	0	0	0	0	0	0	0	0
13	13	11	10	10	10	8	9	7	6	5	5	9	10	10	10	12	14	14	14	16	17	17	17	17	17	17	18	18	19	20	20	20	18	18	18	18	18	17	17	17	16	16	15	15	15	14	14	14	14	13	9	1	2	2	2	2	2	2	2	2	2	2	1	1	1	1	1	1	1	1	1	1	1	1	1	1	1	1	0	0	1	1	1	1	1	1	1	2	2	2	2	2	2	3	3	4	4	4	4
38	36	38	40	40	43	42	45	43	49	52	53	62	64	63	63	69	71	76	75	82	84	85	84	83	84	84	85	87	90	84	84	84	84	84	84	85	82	80	80	79	78	77	70	65	59	57	54	51	48	41	28	8	1	0	0	0	0	0	0	0	0	0	0	0	0	0	0	0	0	0	0	0	0	0	0	0	0	0	0	0	0	0	0	0	0	0	0	0	0	1	1	1	1	1	2	2	2	2	2
19	17	17	17	16	17	18	18	20	21	21	22	21	22	25	23	24	22	22	22	23	24	23	24	23	23	23	24	24	24	25	26	27	29	32	32	31	29	28	28	27	27	25	24	23	22	20	18	18	17	17	9	1	0	0	0	0	0	0	0	0	0	0	0	0	0	0	0	0	0	0	0	0	0	0	0	0	0	0	0	0	0	0	0	0	0	0	0	0	0	0	0	0	0	0	0	0	0	0	0
58	55	51	51	50	49	51	51	52	50	54	57	61	69	70	74	95	96	108	104	116	118	119	123	123	123	121	116	115	114	114	116	114	115	120	117	114	114	113	111	110	108	105	102	98	90	89	80	76	75	67	63	12	4	2	2	2	1	1	1	1	1	1	1	1	0	0	0	0	0	0	0	0	0	0	0	0	0	0	0	0	0	0	0	0	0	0	0	0	0	0	0	1	1	1	1	1	1	1	1
3	3	2	3	4	6	6	5	5	6	6	6	7	8	8	8	8	8	8	9	12	13	13	14	14	15	15	15	15	16	16	17	18	18	18	17	17	17	16	14	13	13	13	13	13	13	11	11	11	11	10	7	2	0	0	0	0	0	0	0	0	0	0	0	0	0	0	0	0	0	0	0	0	0	0	0	0	0	0	0	0	0	0	0	0	0	0	0	0	0	0	0	0	0	0	0	0	0	0	0
19	17	17	18	19	19	21	20	20	19	20	19	20	20	18	18	17	18	18	18	17	17	19	18	17	17	17	17	16	18	17	16	14	15	15	15	14	14	13	13	13	11	11	11	11	11	10	9	9	8	7	5	0	0	0	0	0	0	0	0	0	0	0	0	0	0	0	0	0	0	0	0	0	0	0	0	0	0	0	0	0	0	0	0	0	0	0	0	0	0	0	0	0	0	0	0	0	0	0	0
7	6	6	9	9	8	11	10	10	10	15	16	17	17	21	23	26	27	28	31	35	36	43	48	49	50	53	56	56	56	60	61	62	62	63	61	61	59	58	56	54	51	51	49	49	41	34	31	29	25	25	20	4	0	0	0	0	0	0	0	0	0	0	0	0	0	0	0	0	0	0	0	0	0	0	0	0	0	0	0	0	0	0	0	0	0	0	0	0	0	0	0	0	0	0	0	0	0	0	0
3	3	3	3	3	3	2	2	2	2	1	1	1	1	1	1	0	0	0	0	0	0	0	1	1	1	3	3	4	4	4	5	6	6	6	7	7	7	7	7	7	7	7	7	7	7	7	7	7	7	7	7	3	1	1	1	1	1	1	1	1	0	0	0	0	0	0	0	0	0	0	0	0	0	0	0	0	0	0	0	0	0	0	0	0	0	0	0	0	0	0	0	0	0	0	0	0	0	0	0
69	71	73	74	72	78	79	81	86	97	92	101	104	104	116	123	124	127	137	134	134	137	136	136	130	124	122	122	120	125	124	126	129	128	126	119	116	113	110	108	106	100	98	94	89	85	77	71	66	59	52	23	0	0	0	0	0	0	0	0	0	0	0	0	0	0	0	0	0	0	0	0	0	0	0	0	0	0	0	0	0	0	0	0	0	0	0	0	0	0	0	0	0	0	0	0	0	0	0	0
401	406	425	418	430	433	448	455	458	478	534	527	545	561	579	622	643	670	702	724	759	766	769	790	770	764	753	729	713	716	718	724	738	738	758	775	762	744	728	711	701	691	678	666	636	589	527	484	435	413	396	257	15	1	0	0	0	0	0	0	0	0	0	0	0	0	1	1	1	1	1	1	1	1	1	1	1	1	1	1	1	1	1	1	1	1	1	1	1	1	1	1	2	2	2	2	2	2	2	4
4	4	5	5	5	5	5	5	5	7	7	7	8	8	8	9	8	11	12	13	12	12	12	12	12	13	13	13	13	13	15	16	15	15	15	15	14	15	14	14	13	13	13	12	12	12	12	11	11	10	10	6	2	0	0	0	0	0	0	0	0	0	0	0	0	0	0	0	0	0	0	0	0	0	0	0	0	0	0	0	0	0	0	0	0	0	0	0	0	0	0	0	0	0	0	0	0	0	0	0
54	50	53	50	49	48	46	49	51	51	55	54	57	60	61	72	77	78	80	82	96	108	107	109	109	110	111	112	115	113	112	117	118	117	123	122	119	119	119	119	118	110	105	100	97	85	77	74	67	61	63	56	9	7	7	7	7	7	7	7	7	9	9	9	9	8	8	8	8	8	8	7	7	6	6	5	5	5	4	4	4	5	5	5	5	4	4	5	5	4	3	3	3	3	2	2	2	2	2	2
28	27	25	25	25	26	25	25	25	25	26	25	25	22	22	21	28	27	29	35	35	38	40	39	40	38	38	38	42	43	44	45	46	47	50	50	49	47	47	47	45	42	42	37	35	29	27	24	23	20	20	18	4	0	0	0	0	0	0	0	0	0	0	0	0	0	0	0	0	0	0	0	0	0	0	0	0	0	0	0	0	0	0	0	0	0	0	0	0	0	0	0	0	0	0	0	0	0	0	0
19	21	22	22	23	24	23	25	25	24	23	23	26	26	28	29	30	32	34	33	32	31	31	30	30	29	34	34	37	39	43	44	47	48	48	50	49	47	46	46	44	41	40	38	38	35	34	30	28	20	15	10	1	0	0	0	0	0	0	0	0	0	1	1	1	1	1	1	1	1	2	2	2	2	2	2	2	2	2	1	1	1	1	1	0	0	0	0	0	0	0	0	0	0	0	0	0	0	0	0
0	0	0	0	0	0	0	0	0	0	0	0	0	0	0	0	0	0	0	0	2	3	5	6	6	7	8	9	9	9	9	9	9	9	9	9	9	9	9	9	8	8	8	8	8	8	8	8	8	7	6	6	3	2	2	2	2	2	2	2	2	1	1	1	0	0	0	0	0	0	0	0	0	0	0	0	0	0	0	0	0	0	0	0	0	0	0	0	0	0	0	0	0	0	0	0	0	0	0	0
7	7	6	6	6	6	6	6	6	4	5	5	5	3	3	3	3	3	3	3	4	3	3	4	4	4	4	5	5	5	5	5	5	5	5	5	5	5	5	5	5	5	5	5	5	5	5	4	4	4	4	3	0	0	0	0	0	0	0	0	0	0	0	0	0	0	0	0	0	0	0	0	0	0	0	0	0	0	0	0	0	0	0	0	0	0	0	0	0	0	0	0	0	0	0	0	0	0	0	0
5	5	5	5	4	5	5	7	7	7	7	7	7	9	10	10	10	11	11	10	11	12	12	11	11	11	11	11	12	13	14	16	17	16	17	17	16	16	16	16	16	16	16	15	14	13	12	11	10	10	9	8	0	0	0	0	0	0	0	0	0	0	0	0	0	0	0	0	0	0	0	0	0	0	0	0	0	0	0	0	0	0	0	0	0	0	0	0	0	0	0	0	0	0	0	0	0	0	0	0
6	6	6	6	8	6	6	6	7	8	9	9	9	9	9	9	9	9	9	10	10	10	11	10	10	10	9	9	9	9	9	9	8	8	9	11	12	11	11	11	11	11	11	11	11	10	9	9	8	8	8	8	4	2	1	0	0	0	0	0	0	0	1	1	1	1	1	1	1	1	1	1	1	1	1	1	1	1	1	1	1	1	1	1	2	1	1	1	1	1	1	1	1	1	1	1	1	1	1	1
47	48	49	48	46	44	46	46	47	49	50	49	49	48	51	49	44	43	42	42	42	43	46	47	47	47	52	60	59	59	62	68	75	78	80	82	80	79	78	78	77	76	73	73	73	72	68	67	63	59	57	42	1	0	0	0	0	0	0	0	0	0	0	0	0	0	0	0	0	0	0	0	0	0	0	0	0	0	0	0	0	0	0	0	0	0	0	0	0	0	0	0	0	0	0	0	0	0	0	0
7	8	8	9	9	12	12	11	11	12	13	16	17	19	19	22	26	27	33	33	33	36	37	39	39	41	42	44	44	44	44	44	46	46	46	46	45	45	45	44	43	41	40	40	40	38	36	35	31	29	20	20	4	2	1	1	0	0	0	0	0	0	0	0	0	0	0	0	0	0	0	0	0	0	0	0	0	0	0	0	0	0	0	0	0	0	0	0	0	0	0	0	0	0	0	0	0	0	0	0
30	29	29	27	26	24	27	25	22	24	29	27	29	29	30	29	31	43	46	50	56	58	58	59	58	58	58	58	57	55	55	55	54	54	55	56	56	55	53	50	50	49	46	45	42	40	36	29	24	19	14	12	0	0	0	0	0	0	0	0	0	0	0	0	0	0	0	0	0	0	0	0	0	0	0	0	0	0	0	0	0	0	0	0	0	0	0	0	0	0	0	0	0	0	0	0	1	3	3	3
33	30	29	28	26	24	25	24	26	28	29	29	29	30	27	31	31	33	37	37	37	37	37	37	37	38	39	38	40	42	41	41	44	43	42	42	42	41	40	39	36	33	32	29	27	27	26	24	24	23	21	16	5	1	1	1	1	1	1	1	1	1	1	1	1	1	1	1	1	1	1	1	1	1	0	0	0	0	0	0	0	0	0	0	0	0	0	0	0	0	0	0	0	0	0	0	0	0	0	0
8	8	7	7	7	7	8	7	7	7	7	7	4	5	5	5	6	6	6	7	9	9	8	8	8	8	9	8	8	10	10	12	12	12	12	13	14	14	13	13	12	12	12	12	12	12	12	12	12	12	12	10	3	3	3	3	3	3	2	4	3	3	3	3	3	3	3	3	3	3	3	3	3	3	3	3	3	3	3	3	3	2	3	3	2	2	2	14	13	15	18	19	20	20	22	22	22	23	23	25
32	34	33	36	37	37	37	37	39	36	35	37	36	37	35	33	33	40	43	50	51	51	50	50	48	47	46	47	46	46	48	49	48	47	47	47	45	44	44	42	39	34	29	24	21	21	21	19	15	14	10	4	0	0	0	0	0	0	0	0	0	0	2	2	3	3	3	3	3	3	3	3	3	3	3	3	3	3	3	3	3	3	3	3	3	3	3	3	2	2	2	2	1	1	0	0	0	0	0	0
8	8	8	8	7	7	7	7	8	8	8	10	9	12	14	15	14	14	15	16	16	15	15	15	16	18	18	19	19	20	20	20	24	24	27	28	28	28	27	24	22	21	21	21	21	21	19	19	19	18	17	11	1	0	0	0	0	0	0	0	0	0	0	0	0	0	0	0	0	0	0	0	0	0	0	0	0	0	0	0	0	0	0	0	0	0	0	0	0	0	0	0	0	0	0	0	0	0	0	0
26	26	24	25	25	22	21	22	21	21	26	28	29	31	35	37	37	38	39	40	41	39	37	37	36	37	36	41	42	43	42	43	45	45	48	49	47	46	46	46	41	39	38	35	33	30	29	29	28	26	24	22	4	0	0	0	0	0	0	0	0	0	0	0	0	0	0	0	0	0	0	0	0	0	0	0	1	1	1	1	1	1	1	1	1	1	1	1	1	1	1	1	1	1	1	1	1	1	1	1
17	16	15	15	16	17	18	18	19	24	25	26	26	27	32	34	37	39	39	39	38	39	39	41	40	39	38	37	38	40	40	37	37	38	38	41	38	38	38	37	34	34	34	34	33	32	32	31	28	28	26	19	2	1	1	1	1	1	0	0	0	0	0	0	0	0	0	0	0	0	0	0	0	0	0	0	0	0	0	0	0	0	0	0	0	0	0	0	0	0	0	0	0	0	0	0	0	0	0	0
12	13	14	15	15	14	13	13	12	12	12	13	13	13	12	12	10	10	10	12	13	13	12	11	11	11	11	10	10	10	10	10	9	9	11	12	12	11	11	11	11	10	10	8	8	8	8	8	8	7	6	6	2	0	0	0	0	0	0	0	0	0	0	0	0	0	0	0	0	0	0	0	0	0	0	0	0	1	1	1	1	1	1	1	1	1	1	1	1	1	1	1	1	1	1	1	1	1	1	1
14	14	14	15	16	14	15	15	14	14	16	14	14	13	14	15	15	15	15	16	17	18	18	17	18	18	18	18	19	22	23	25	24	24	27	27	27	26	26	25	25	25	25	25	24	23	23	22	21	21	20	20	3	1	1	1	1	0	0	0	0	0	0	0	0	0	0	0	0	0	0	0	0	0	0	0	0	0	0	0	0	0	0	0	0	0	0	0	0	0	0	0	0	0	0	0	0	0	0	0
49	50	51	50	50	49	50	48	47	46	47	49	49	47	49	52	56	62	63	68	73	72	70	71	71	69	70	75	77	80	78	78	80	81	81	82	82	81	79	79	76	71	67	63	61	56	53	47	44	40	37	26	1	0	0	0	0	0	0	0	0	0	0	0	1	1	1	2	2	2	2	2	2	2	2	2	2	2	2	2	2	2	2	2	2	2	2	0	0	0	0	0	0	0	0	0	0	0	0	0
6	4	5	5	5	5	5	5	6	7	8	9	9	8	8	8	9	9	10	10	11	12	13	11	11	11	12	12	12	13	14	15	15	15	16	17	17	17	16	14	12	12	12	11	11	10	8	8	8	7	6	5	1	1	1	1	1	1	1	1	1	1	0	0	0	0	0	0	0	0	0	0	0	0	0	0	0	0	0	0	0	0	0	0	0	0	0	0	0	0	0	0	0	0	0	0	0	0	0	0
83	85	81	77	75	77	72	68	69	73	76	79	79	85	86	87	92	94	91	91	87	89	91	91	94	101	106	110	117	125	128	134	134	136	146	153	155	155	153	152	146	144	143	137	135	129	122	112	101	94	84	79	18	1	1	1	1	1	1	1	1	1	1	1	1	1	1	1	1	1	1	1	1	1	1	1	1	1	1	1	1	1	1	0	0	0	0	0	0	0	0	0	0	0	0	0	0	0	0	0
13	13	13	13	12	12	13	13	15	15	14	14	11	12	12	12	15	17	18	20	19	18	20	20	20	20	20	20	21	21	25	25	25	26	26	26	27	27	26	26	26	26	24	24	24	23	20	20	19	18	18	8	0	0	0	0	0	0	0	0	0	0	0	0	0	0	0	0	0	0	0	0	0	0	0	0	0	0	0	0	0	0	0	0	0	0	0	0	0	0	0	0	0	0	0	0	0	0	0	0
58	56	55	51	53	52	58	55	54	57	60	61	62	68	70	63	66	67	71	73	74	73	72	74	79	85	87	85	85	84	83	83	82	81	79	78	77	75	74	73	69	67	66	60	56	51	46	40	38	33	24	17	5	1	1	1	1	1	1	1	2	2	2	2	2	2	2	2	2	2	2	2	1	1	1	1	2	2	1	1	1	2	2	2	2	2	2	2	2	3	3	3	3	3	3	3	3	3	2	2
2	2	2	2	1	1	0	0	0	0	0	1	1	1	1	1	1	1	1	2	5	8	13	13	13	13	13	13	13	14	15	15	15	15	15	16	16	15	14	14	14	14	14	14	12	11	9	9	8	8	8	6	0	0	0	0	0	0	0	0	0	0	0	0	0	0	0	0	0	0	0	0	0	0	0	0	0	0	0	0	0	0	0	0	0	0	0	0	0	0	0	0	0	0	0	0	0	0	0	0
7	6	4	3	3	4	4	4	4	4	6	7	8	8	7	7	8	8	7	8	8	8	8	8	8	8	8	8	11	11	11	11	10	9	11	11	10	9	9	9	9	9	8	8	7	7	6	6	6	6	6	6	0	0	0	0	0	0	0	0	0	0	0	0	0	0	0	0	0	0	0	0	0	0	0	0	0	0	0	0	0	0	0	0	0	0	0	0	0	0	0	0	0	0	0	0	0	0	0	1
133	130	126	119	116	115	114	118	126	128	130	130	136	133	132	131	127	132	133	134	141	141	140	141	143	140	134	134	129	128	125	128	134	135	137	144	144	143	140	138	134	129	128	121	112	103	100	94	91	86	84	67	13	11	5	5	4	3	3	3	3	3	2	2	2	2	1	2	2	3	4	3	4	4	5	5	8	8	10	12	12	12	12	12	12	12	12	12	12	12	12	11	11	11	10	10	9	9	8	8
28	29	27	28	25	25	25	28	27	31	38	44	45	51	52	52	57	63	65	68	66	72	73	75	75	77	78	85	91	92	98	103	106	106	116	120	119	119	117	119	119	118	117	114	111	108	106	100	92	88	82	81	49	39	18	4	0	0	0	0	0	0	0	0	0	0	0	0	0	0	0	0	0	0	0	0	0	0	0	0	0	0	0	0	0	0	0	0	0	0	0	0	0	0	0	0	0	0	0	0
59	61	62	66	68	72	77	82	111	114	126	134	140	142	145	148	151	161	174	172	184	182	182	183	177	179	175	166	156	153	147	147	148	145	147	146	141	136	132	132	129	128	124	122	112	106	97	91	86	82	73	58	5	2	2	2	2	2	2	2	2	1	1	2	2	2	2	2	2	2	2	2	2	2	2	2	2	2	2	2	1	0	0	0	0	0	0	0	0	0	0	0	0	0	0	0	0	0	0	0
1	1	1	1	1	2	1	1	1	2	2	2	2	2	4	4	6	7	7	7	7	7	7	7	8	11	12	12	11	11	12	12	12	12	13	13	13	12	12	12	12	12	12	11	10	10	9	8	8	7	6	6	3	1	1	1	1	1	1	1	1	1	1	1	1	1	1	1	1	1	2	2	2	3	2	2	2	2	2	2	2	2	2	2	2	3	3	3	3	3	3	3	3	3	3	3	3	3	3	2
5	6	7	7	7	7	6	5	5	5	5	6	6	6	7	6	6	6	7	8	8	8	9	9	12	13	13	14	16	16	17	18	18	18	19	19	19	19	19	18	18	18	18	17	16	15	15	15	14	13	12	12	6	2	1	0	0	0	1	1	1	1	1	1	1	1	1	1	1	1	1	1	1	1	1	1	1	1	1	1	0	0	0	0	0	0	0	0	0	0	0	0	0	0	0	0	1	1	1	1
9	9	9	9	9	8	8	8	8	8	8	11	11	11	11	11	9	8	8	7	7	7	6	6	6	5	5	5	5	5	5	6	7	7	7	9	9	8	8	8	9	9	9	9	9	9	9	9	9	7	7	5	2	1	1	1	1	1	1	1	1	1	1	1	1	1	1	1	1	1	0	0	0	0	0	0	0	0	0	0	0	0	0	0	0	0	0	0	0	1	1	1	1	1	1	1	1	1	1	1
5	5	5	8	8	8	8	10	9	9	9	8	8	8	9	11	11	11	11	12	13	13	12	13	13	13	13	13	16	15	14	14	14	14	14	17	16	16	16	16	16	16	16	16	14	14	13	13	14	14	13	9	1	1	1	1	1	1	1	1	1	1	1	1	1	1	1	1	1	1	1	2	2	2	2	2	2	2	2	2	2	2	3	2	1	1	1	1	1	1	1	1	1	1	1	1	1	1	1	1
10	9	10	11	12	11	9	8	10	9	9	9	8	8	9	9	9	10	10	11	12	14	14	13	13	12	11	10	10	11	12	12	13	14	15	17	18	18	18	18	18	18	18	18	18	17	16	16	15	15	13	8	1	0	0	0	0	0	0	0	0	0	0	0	0	0	0	0	0	0	0	0	0	0	0	0	0	0	0	0	0	0	0	0	0	0	0	0	0	0	0	0	0	0	0	0	0	0	0	0
6	6	5	5	5	4	4	4	4	4	3	3	5	4	9	11	12	12	12	11	10	10	10	10	10	10	10	10	11	11	11	11	12	12	11	10	9	9	8	7	7	7	7	7	7	6	6	6	5	4	4	2	0	0	0	0	0	0	0	0	0	0	0	0	0	0	0	0	0	0	0	0	0	0	0	0	0	0	0	0	0	0	0	0	0	0	0	0	0	0	0	0	0	0	0	0	0	0	0	0
16	16	17	16	15	14	14	12	13	13	13	17	17	20	22	22	24	24	24	25	27	29	29	28	28	28	28	28	28	29	29	30	30	33	37	39	39	39	39	39	39	39	38	37	34	34	33	33	30	30	24	19	2	2	1	1	1	1	1	1	1	1	1	1	1	1	1	1	1	1	1	1	1	1	1	1	1	1	1	1	1	1	1	0	0	0	0	0	0	0	0	0	0	0	0	0	0	0	0	0
4	4	4	4	4	5	5	5	5	6	6	7	7	7	7	7	7	7	7	7	7	7	3	3	3	3	3	3	4	5	6	6	6	7	7	7	7	7	7	7	7	7	7	6	6	6	6	6	5	5	5	4	1	0	0	0	0	0	0	0	0	0	0	0	0	0	0	0	0	0	0	0	0	0	0	0	0	0	0	0	0	0	0	0	0	0	0	0	0	0	0	0	0	0	0	0	0	0	0	0
35	33	33	32	32	31	33	31	32	35	32	33	33	30	31	32	32	33	30	34	34	33	34	35	34	31	30	30	29	30	32	32	30	29	29	31	30	29	29	26	25	25	24	22	20	19	18	17	16	15	12	9	2	1	0	0	0	0	0	0	0	0	0	0	0	0	0	0	0	0	0	0	0	0	1	1	1	1	1	2	2	2	2	2	2	2	2	2	3	3	3	4	4	4	4	4	4	4	4	4
3	4	4	5	5	5	5	5	5	6	6	6	8	8	8	8	8	8	9	9	10	10	10	10	10	10	10	10	10	10	10	10	9	8	9	9	9	9	9	9	9	9	9	9	7	7	7	7	6	6	6	6	1	1	1	1	1	1	1	1	0	0	0	0	0	0	0	0	0	0	0	0	0	0	0	0	0	0	0	0	0	0	0	0	0	0	0	0	0	0	0	0	0	0	0	0	0	0	1	1
14	14	14	14	17	17	17	16	16	15	13	15	15	18	18	21	23	32	31	32	32	32	35	32	32	33	35	34	34	35	35	36	35	35	40	39	38	38	38	38	37	34	28	28	27	27	22	22	22	22	20	17	6	1	1	1	0	0	0	0	0	0	0	0	0	0	0	0	0	0	0	0	0	0	0	0	0	0	0	0	0	0	0	0	0	0	0	0	0	0	0	0	0	0	0	0	0	0	0	0
18	19	20	20	20	21	20	21	21	22	23	23	24	23	23	24	24	24	22	25	25	24	24	23	23	24	25	26	26	25	27	28	29	29	30	29	30	30	30	29	27	26	26	24	23	22	21	17	17	16	12	7	0	0	0	0	0	0	0	0	0	0	0	0	0	0	0	0	0	0	0	0	0	0	0	0	0	0	0	0	0	0	0	0	0	0	0	0	0	0	0	0	0	0	0	0	0	0	0	0
19	19	20	20	19	18	18	16	14	12	12	11	12	15	15	17	22	22	21	21	22	24	27	28	28	27	27	25	25	25	27	28	30	30	30	33	32	30	29	29	27	27	25	25	24	21	21	22	22	20	20	18	11	6	5	3	3	3	3	3	3	3	2	2	2	2	2	2	2	2	2	1	1	1	1	0	1	1	1	3	3	3	3	3	4	4	4	4	5	5	5	5	5	5	5	5	5	5	5	5
33	32	32	33	33	33	32	32	32	37	36	42	39	40	43	45	42	45	42	44	42	42	42	41	40	40	39	40	42	42	43	46	46	43	43	42	38	33	33	28	26	25	23	22	21	18	16	16	16	6	0	0	0	0	0	0	0	0	0	0	0	0	0	0	0	0	0	0	0	0	0	0	0	0	0	0	0	0	0	0	0	0	0	0	0	0	0	0	0	0	0	0	0	0	0	0	0	0	0	0
3	4	4	4	4	6	6	6	6	7	6	6	7	6	7	7	7	8	8	8	9	10	11	12	11	12	13	13	12	12	11	10	11	11	11	11	10	9	9	9	9	8	8	8	8	8	8	8	9	7	7	7	6	5	5	5	5	4	4	4	4	2	2	2	2	2	2	2	2	2	2	2	2	2	1	1	1	1	1	1	2	2	2	2	3	2	2	2	2	2	2	2	2	2	2	2	2	2	2	2
3	3	3	3	3	3	4	4	3	3	4	6	6	6	6	6	7	8	7	7	7	7	7	6	6	6	6	6	6	6	6	6	6	6	6	6	6	6	6	6	6	6	6	6	6	5	5	4	4	0	0	0	0	0	0	0	0	0	0	0	0	0	0	0	0	0	0	0	0	0	0	0	0	0	0	0	0	0	0	0	0	0	0	0	0	0	0	0	0	0	0	0	0	0	0	0	0	0	0	0
37	36	34	36	37	41	45	46	48	53	54	59	62	64	60	59	63	61	62	62	60	60	62	63	63	62	65	63	66	65	59	60	60	61	62	61	60	56	53	52	50	49	48	42	37	37	35	33	25	4	0	1	1	1	1	1	1	1	1	1	1	1	2	2	2	2	2	2	2	1	1	1	2	3	3	4	4	4	4	4	4	4	4	4	4	4	4	4	4	4	4	4	4	4	3	2	2	2	2	2
9	12	12	12	12	15	16	15	15	15	16	19	19	19	20	23	24	26	24	24	24	23	22	22	21	20	20	20	21	22	21	20	22	21	21	21	20	20	20	19	19	17	17	17	17	17	16	15	10	0	0	0	1	1	1	1	1	1	1	1	1	1	1	1	1	1	1	1	1	1	1	1	1	1	0	0	0	0	0	0	0	0	0	0	0	0	0	0	0	0	0	0	0	0	0	0	0	0	0	0
9	9	10	12	12	13	13	15	18	20	22	22	22	22	23	24	28	32	35	35	34	34	34	34	33	37	36	38	41	41	43	42	39	39	39	39	38	36	32	32	31	30	29	25	23	22	23	21	20	6	1	1	1	1	1	1	1	1	1	1	1	1	1	3	3	3	3	3	3	3	3	3	3	3	3	3	3	2	1	1	2	2	2	2	2	2	2	2	2	2	2	1	1	1	2	2	2	2	2	2
3	2	2	2	2	2	2	1	1	1	1	2	2	2	2	2	2	2	3	3	3	4	4	4	4	6	5	5	5	5	5	6	6	6	6	6	6	6	5	5	5	5	5	5	5	5	5	4	4	0	0	0	0	0	0	0	0	0	0	0	0	0	0	0	0	0	0	0	0	0	0	0	0	0	0	1	1	1	1	1	1	1	1	1	1	1	1	1	1	1	1	1	1	1	1	1	1	1	1	1
42	41	42	45	44	44	46	47	45	45	41	38	38	41	39	38	36	37	36	39	37	38	34	33	34	37	38	38	36	36	36	37	38	38	38	38	37	34	33	32	32	32	30	29	29	29	27	27	23	6	3	3	1	1	1	1	1	1	1	1	1	1	1	1	1	0	0	0	0	0	0	0	0	0	0	0	0	0	0	0	0	0	0	0	0	0	0	0	0	0	0	0	0	0	0	0	0	1	1	1
7	7	5	4	5	6	6	6	6	5	5	5	5	7	7	8	10	10	10	12	12	12	12	12	12	14	14	15	14	15	15	17	17	17	17	17	17	17	14	13	13	13	11	11	11	9	9	8	8	2	1	1	1	1	1	1	1	1	1	1	1	1	1	1	1	1	0	0	0	0	0	0	0	0	0	0	0	0	0	0	0	0	0	0	0	0	0	0	0	0	0	0	0	0	0	0	0	0	0	0
5	6	6	6	6	6	6	6	6	6	6	6	6	6	6	6	6	6	6	5	5	5	5	4	5	6	6	6	6	5	5	5	6	6	6	6	6	6	5	5	4	4	4	4	4	4	4	4	4	0	0	0	0	0	0	0	0	0	0	0	0	0	0	0	0	0	0	0	0	0	0	0	0	0	0	0	0	0	0	0	0	0	0	0	0	0	0	0	0	0	0	0	0	0	0	0	0	0	0	0
4	4	4	4	4	4	4	4	4	4	4	4	4	4	3	3	2	4	4	4	3	3	4	3	6	7	7	7	9	9	9	9	9	9	9	9	8	8	7	7	7	7	7	7	7	7	7	6	4	0	0	0	0	0	0	0	0	0	0	0	0	0	0	0	0	0	0	0	0	0	0	0	0	0	0	0	0	0	0	0	0	0	0	0	0	0	0	0	0	0	0	0	0	0	0	0	0	0	0	0
8	8	8	8	8	8	10	12	18	28	28	30	32	32	34	34	34	33	32	33	35	36	37	38	40	41	44	43	43	45	44	43	43	43	45	45	45	45	45	43	43	42	40	40	40	39	37	35	33	20	2	1	1	1	1	1	1	1	1	1	1	1	0	0	0	0	0	0	0	0	0	0	0	0	0	0	0	0	0	0	0	0	0	0	0	0	0	0	0	0	0	0	0	0	0	0	0	0	0	0
28	25	23	22	22	23	24	26	26	29	26	26	27	26	27	27	30	33	41	42	45	46	46	48	48	50	50	55	56	57	59	61	61	62	62	62	62	62	61	61	58	55	54	52	51	49	47	43	35	3	0	0	0	0	0	0	1	1	1	1	1	1	1	1	1	1	1	1	1	1	1	1	1	1	1	1	1	0	0	0	0	0	0	0	0	0	0	0	0	0	0	0	0	0	0	0	0	0	0	0
6	7	7	6	6	7	7	7	7	7	6	6	5	5	10	10	12	14	15	18	18	18	17	17	17	17	17	16	18	18	17	17	17	17	18	18	18	18	17	17	16	15	13	12	12	11	11	11	9	2	0	0	0	0	0	0	0	0	0	0	0	0	0	0	0	0	0	0	0	0	0	0	0	0	0	0	0	0	0	0	0	0	0	0	0	0	0	0	0	0	0	0	0	1	1	1	1	1	1	1
7	7	7	7	7	7	7	7	7	5	4	5	4	5	5	6	7	7	7	7	7	8	8	8	11	11	11	11	11	11	12	12	12	12	12	12	12	12	11	10	10	9	9	7	6	6	5	5	4	0	0	0	0	0	1	1	1	1	1	1	1	1	1	1	1	1	1	1	1	1	1	1	1	0	0	0	0	0	0	0	0	0	0	0	0	0	0	0	0	0	0	0	0	0	0	0	0	1	1	1
56	61	60	60	62	60	60	59	63	63	66	64	68	66	64	63	62	62	66	64	61	63	60	60	59	56	55	51	56	54	53	51	48	49	49	48	48	45	44	43	42	42	42	41	41	37	34	28	21	5	1	1	1	1	1	1	1	1	1	1	1	1	1	1	1	1	1	1	1	1	1	1	1	1	2	2	3	3	3	3	3	3	3	3	3	3	3	2	2	2	2	2	2	2	2	2	2	2	2	2
6	7	8	8	8	8	8	8	8	8	8	8	8	8	8	8	8	8	6	5	2	2	1	1	1	1	1	1	1	1	1	3	4	5	5	5	5	5	5	5	5	5	5	5	5	5	4	3	3	1	1	1	0	0	0	0	0	0	0	0	0	0	0	0	0	0	0	0	0	0	0	0	0	0	0	0	0	0	0	0	0	0	0	0	0	0	0	0	0	0	0	0	0	0	0	0	0	0	0	0
1	1	1	1	1	1	1	1	1	1	1	1	1	1	1	1	1	1	1	1	1	1	0	0	0	0	0	0	0	0	0	0	0	0	0	0	0	0	0	0	0	0	0	0	0	0	0	0	0	0	0	0	0	0	1	1	1	1	1	1	1	1	1	1	1	1	1	1	1	1	1	1	1	1	1	1	1	1	1	1	1	0	0	0	0	0	0	0	0	0	0	0	0	0	0	0	0	0	0	0
11	11	11	13	13	16	18	19	18	22	24	24	24	26	27	29	29	29	30	30	30	32	31	34	36	37	38	42	42	43	43	44	43	44	44	44	45	45	45	45	44	41	40	40	39	36	35	29	25	14	6	3	1	0	0	0	0	0	0	0	0	0	0	0	0	0	0	0	0	0	0	0	0	0	0	0	0	0	0	0	0	0	0	0	0	0	0	0	0	1	1	1	1	1	1	1	1	1	1	1
7	7	7	7	7	8	8	8	10	10	10	10	10	11	12	12	12	13	15	14	16	14	14	14	12	11	11	11	11	11	12	12	13	13	13	12	12	11	10	9	9	7	7	7	6	5	5	5	4	0	0	0	0	0	0	0	0	0	0	0	0	0	0	0	0	0	0	0	0	0	0	0	0	0	0	0	0	0	0	0	0	0	0	0	0	0	0	0	0	0	0	0	0	0	0	0	0	0	0	0
24	25	27	26	26	25	27	27	26	25	29	33	32	32	31	31	31	31	31	32	33	32	34	35	32	33	36	37	37	39	38	40	40	40	40	38	36	36	36	35	34	33	33	31	28	21	21	19	12	2	1	1	1	1	1	1	0	0	0	1	1	1	1	1	1	1	1	1	1	1	1	2	2	2	2	2	2	2	2	2	2	2	1	1	1	1	2	2	2	2	2	2	2	1	1	1	1	1	1	1
7	8	8	10	10	9	10	10	9	10	11	10	12	17	18	18	19	20	22	23	24	24	25	24	23	23	23	23	23	22	22	22	20	20	20	18	17	16	14	14	12	11	10	8	7	6	6	6	5	1	1	1	1	1	1	1	1	0	0	0	0	0	0	0	0	0	0	0	0	0	0	0	0	0	0	0	0	0	0	0	0	0	0	0	0	0	0	0	0	0	0	0	0	0	0	0	0	1	1	1
3	5	5	5	6	7	7	7	8	8	9	9	10	11	12	12	13	13	13	14	14	13	13	13	16	17	18	18	20	21	22	21	21	22	23	23	22	22	22	22	21	19	18	17	17	16	16	13	10	6	3	3	3	3	3	3	2	2	2	1	1	1	0	0	0	0	0	0	0	0	0	0	0	0	0	0	0	0	0	0	0	0	0	0	0	0	0	0	0	0	0	0	0	0	0	0	0	1	1	1
2	2	2	2	2	2	1	1	1	1	1	1	1	1	1	1	1	1	1	1	1	1	2	2	2	2	2	2	2	3	4	4	5	5	5	5	5	5	4	4	4	4	4	4	3	3	3	3	3	1	0	0	1	1	1	1	1	1	1	1	1	1	1	1	1	1	1	1	1	1	1	1	1	1	0	0	0	0	0	0	0	0	0	0	0	0	0	0	0	0	0	0	0	0	0	0	0	0	0	0
1	1	1	1	1	4	6	7	8	9	9	11	12	12	12	12	12	12	12	13	13	13	13	13	13	13	14	16	16	16	15	14	14	14	14	14	11	11	11	11	11	12	12	12	11	11	8	8	8	3	3	2	2	1	1	1	1	1	0	0	1	1	1	1	1	1	2	2	2	2	2	2	2	2	2	2	2	2	2	2	2	2	2	3	4	4	3	3	3	2	2	2	2	3	3	3	3	3	3	3
7	6	9	9	11	11	11	11	12	14	18	18	20	22	25	25	30	30	30	30	29	29	30	30	31	31	28	30	31	30	27	29	29	29	29	29	29	29	29	28	28	27	25	24	22	22	21	19	15	2	1	1	1	1	1	1	1	1	1	1	0	0	0	0	0	0	0	1	1	1	1	1	1	1	1	1	1	1	2	2	2	2	2	2	2	2	2	2	2	2	2	2	2	2	2	2	0	0	1	1
376	379	376	373	371	389	393	422	447	447	452	479	471	474	487	494	485	483	477	455	445	438	434	436	444	453	488	475	472	493	493	516	515	509	503	496	488	483	477	468	451	438	420	401	377	347	338	288	161	16	4	3	3	3	3	3	3	3	3	3	3	3	3	3	2	2	1	1	1	2	2	2	2	2	2	2	2	2	2	2	2	3	3	3	2	2	2	2	2	2	2	2	2	2	2	2	4	4	4	4
41	38	37	36	35	36	41	42	47	55	65	69	83	90	94	96	105	117	128	143	147	148	149	152	151	152	157	159	159	160	159	158	157	158	158	159	156	153	146	137	131	124	118	117	111	109	107	105	93	75	1	1	0	0	0	0	0	0	0	0	0	0	0	0	0	0	0	0	0	0	0	0	0	0	0	0	0	0	0	0	0	0	0	0	1	1	1	1	1	1	1	1	1	1	1	1	1	1	1	1
22	26	26	25	26	28	29	29	28	27	28	29	28	27	26	28	27	27	27	29	30	28	28	28	26	26	27	28	27	30	30	33	34	34	32	32	30	30	30	30	28	27	26	25	25	20	17	18	15	4	1	2	2	2	2	2	2	2	2	2	2	2	3	3	3	3	4	4	4	4	4	4	3	3	3	3	3	3	3	3	3	3	3	2	1	1	1	1	1	0	0	0	0	0	0	0	0	0	0	0
4	4	4	4	5	6	6	7	10	10	10	10	11	11	14	15	16	17	18	17	17	17	18	17	17	16	16	17	17	15	15	14	14	13	13	13	13	11	11	11	11	10	10	10	8	7	5	4	3	1	0	0	0	0	0	0	0	0	0	0	0	0	0	0	0	0	0	0	0	0	0	0	0	0	0	0	0	0	0	0	0	0	0	0	0	0	0	0	0	0	0	0	0	0	0	0	0	0	0	0
2	2	2	2	2	4	5	5	5	6	6	5	7	8	8	8	8	8	8	9	9	9	9	9	9	9	9	8	7	7	7	7	6	6	6	6	7	7	7	7	6	6	6	6	6	6	6	6	4	2	1	1	1	1	1	1	1	0	0	0	0	0	0	0	0	0	0	0	0	0	0	0	0	0	0	0	0	0	0	0	0	0	0	0	0	0	0	0	0	0	0	0	0	0	0	0	0	0	0	1
15	17	15	13	12	11	12	14	14	13	13	12	13	13	15	15	15	20	20	20	20	20	20	19	19	19	21	21	24	24	24	25	26	24	24	22	20	20	19	19	19	19	18	15	15	14	13	13	12	2	1	0	0	0	0	0	0	0	0	0	0	0	0	0	0	0	0	0	0	0	0	0	0	0	0	0	0	0	0	0	0	0	0	0	0	0	0	0	0	0	0	0	0	0	0	0	0	0	0	0
223	221	214	211	223	235	233	230	235	247	262	293	308	322	332	345	347	369	366	362	360	348	347	331	322	315	314	310	311	313	317	320	333	329	318	308	301	294	291	286	271	257	239	213	194	179	160	151	139	56	1	0	0	0	0	0	0	0	0	0	0	0	0	0	0	0	0	0	1	1	1	1	1	1	1	1	1	1	1	1	1	1	1	1	1	2	2	2	2	2	2	2	2	2	2	2	3	3	3	3
3	4	4	4	5	4	4	4	4	4	4	5	8	8	9	9	9	9	9	8	8	8	8	8	9	7	7	7	9	9	10	10	9	9	9	9	9	8	8	8	7	7	7	7	7	5	5	5	4	1	0	0	0	0	0	0	0	0	0	0	0	0	0	0	0	0	0	0	0	0	0	0	0	0	0	0	0	0	0	0	0	0	0	0	0	0	0	0	0	0	0	0	0	0	0	0	0	0	0	0
37	35	35	38	37	38	36	35	38	39	47	50	53	52	55	53	55	54	55	54	56	57	59	58	59	58	62	63	67	64	65	62	61	59	58	56	53	49	47	46	44	40	37	32	32	25	19	17	12	7	7	6	6	6	6	7	8	8	8	8	8	8	8	8	8	7	7	7	8	8	8	8	8	8	5	5	5	4	2	2	3	3	3	3	4	3	3	3	3	3	3	3	2	2	2	2	2	2	2	4
30	33	35	37	37	39	39	40	42	42	42	42	43	44	46	48	43	45	44	44	42	45	45	44	45	47	47	53	56	58	56	55	55	54	52	53	52	50	49	44	42	39	38	35	34	34	31	29	23	6	2	1	1	1	1	0	0	0	0	0	0	0	0	0	0	0	0	0	0	0	0	0	0	0	0	0	0	0	0	0	0	0	0	0	0	0	0	0	0	0	0	0	0	0	0	0	0	0	0	0
31	31	32	31	32	34	34	33	33	35	36	38	36	34	33	31	32	31	30	31	29	28	28	29	28	27	29	29	29	30	30	31	32	32	32	31	29	26	25	24	22	22	20	20	20	18	15	11	7	3	2	4	4	3	3	3	3	3	2	2	2	2	2	2	2	2	2	2	2	2	2	2	2	1	1	1	1	1	0	0	0	0	0	0	0	0	0	0	1	1	1	1	1	1	1	1	1	1	1	1
6	6	6	6	7	7	7	8	8	8	8	8	9	9	9	9	9	9	9	9	9	9	8	8	8	9	10	11	12	11	10	11	12	11	11	11	10	10	10	10	10	9	8	7	7	7	6	4	4	0	0	0	0	0	0	0	0	0	0	0	0	1	1	1	1	1	1	1	1	1	1	1	1	1	1	1	1	1	1	0	0	0	0	0	0	0	0	0	0	0	0	0	0	0	0	0	0	0	0	0
14	14	12	12	12	10	10	10	10	9	9	12	14	17	20	19	21	21	22	21	22	22	22	22	23	23	24	24	23	23	23	24	24	23	23	23	23	22	21	20	19	18	18	18	17	16	16	16	9	1	1	0	0	0	0	0	0	0	0	0	0	0	0	0	0	0	0	0	0	0	0	0	0	0	0	0	0	0	0	0	0	0	0	0	0	0	0	0	0	0	0	0	0	0	0	0	0	0	0	0
63	55	53	55	53	52	59	58	57	61	65	67	71	73	75	73	78	76	76	74	71	71	70	71	71	69	70	69	70	70	69	68	68	69	68	66	64	59	56	46	39	34	31	27	23	23	19	19	13	0	0	0	0	0	0	0	0	0	0	0	0	0	0	0	0	0	0	0	0	0	0	0	0	0	0	0	0	0	0	0	0	0	0	0	0	0	0	0	0	0	0	0	0	0	0	0	0	0	0	0
7	7	7	7	7	9	10	11	10	11	13	13	13	15	17	17	17	17	16	16	16	16	16	16	16	16	15	16	16	16	16	15	16	17	18	17	16	16	16	16	16	12	11	11	10	9	7	7	7	3	2	1	1	1	1	1	1	1	1	1	1	1	1	1	1	1	1	1	1	1	1	1	1	1	1	1	1	1	0	0	0	0	0	0	0	0	0	0	0	0	0	0	0	0	0	0	0	0	0	0
1	1	1	1	1	1	1	1	1	1	1	1	1	1	1	3	3	3	3	3	2	2	2	3	3	3	3	3	3	3	3	3	3	3	3	3	3	3	3	3	3	3	3	3	3	3	4	4	4	2	2	2	2	2	2	2	2	2	3	3	3	3	3	3	3	3	3	3	3	3	3	3	3	3	2	2	2	2	1	1	1	1	1	1	0	0	0	0	0	0	0	0	0	0	0	0	0	0	0	0
18	16	16	16	18	18	18	17	18	19	19	21	20	21	27	32	31	32	31	32	33	33	32	32	32	32	36	37	39	41	41	41	41	37	37	35	34	31	29	24	23	22	19	16	13	12	13	14	13	3	2	2	2	2	2	2	2	2	2	2	2	2	2	2	2	2	1	1	1	1	1	1	1	1	1	1	1	1	0	0	0	0	0	0	0	0	0	0	0	0	0	0	0	0	0	0	0	0	0	0
465	486	502	531	610	687	719	731	752	800	831	839	892	917	932	948	975	1009	1046	1076	1099	1192	1179	1233	1282	1311	1448	1442	1515	1561	1574	1594	1628	1625	1610	1588	1563	1536	1519	1495	1465	1409	1350	1296	1247	1187	1113	1061	1004	293	136	87	8	7	4	4	5	5	5	4	4	4	5	4	4	4	4	4	4	4	4	4	4	3	2	2	2	2	2	2	1	1	0	0	0	0	0	0	0	0	0	0	0	0	0	0	0	0	0	0
5	5	4	4	4	6	6	6	6	7	8	8	8	6	6	7	6	7	8	9	10	10	11	12	12	12	12	12	14	15	15	16	16	16	16	16	16	15	15	15	13	13	13	12	12	12	12	11	5	1	0	0	0	0	0	0	0	0	0	0	0	0	0	0	0	0	0	0	0	0	0	0	0	0	0	0	0	0	0	0	0	0	0	0	0	0	0	0	0	0	0	0	0	0	0	0	0	0	0	0
48	49	49	47	46	41	48	49	47	50	52	54	56	55	59	62	71	75	72	82	86	91	90	92	91	91	91	90	90	87	86	84	89	92	92	84	83	80	76	70	67	67	60	57	55	53	53	50	44	21	7	4	2	1	1	1	1	1	1	1	1	1	1	1	1	2	2	2	2	2	3	3	3	3	3	4	4	5	5	4	4	4	4	4	4	5	4	4	4	3	4	5	5	5	6	6	6	7	8	9
15	14	13	13	11	13	14	16	17	17	21	26	29	32	34	34	36	36	37	37	36	35	36	36	37	39	37	38	42	44	44	45	47	47	47	46	43	41	39	38	38	37	37	36	32	29	29	28	26	14	5	0	0	0	0	0	0	0	0	0	0	0	0	0	0	0	0	0	0	0	0	0	0	0	0	0	0	0	0	0	0	0	0	0	0	0	0	0	0	0	0	0	0	0	0	0	0	0	0	0
12	11	11	11	11	11	11	11	14	14	13	13	12	11	14	14	14	15	14	13	17	17	19	19	19	20	21	22	21	24	24	26	30	30	31	32	32	32	31	31	31	31	28	27	27	27	27	25	19	4	1	1	1	1	0	0	0	0	0	0	0	0	0	0	0	0	0	0	0	0	0	0	0	0	0	0	0	0	1	1	1	1	2	3	3	3	3	4	4	4	4	4	4	4	5	5	5	5	5	5
9	9	9	9	9	8	10	14	14	15	14	14	15	16	16	18	19	19	19	19	21	20	20	22	25	25	23	24	24	23	23	29	31	30	30	30	30	28	27	26	25	24	22	22	21	19	18	18	16	6	2	1	1	0	0	0	0	0	0	0	0	0	0	0	0	0	0	0	0	0	1	1	1	1	2	2	2	2	2	2	2	2	2	2	4	4	4	4	4	4	4	4	4	4	4	3	3	4	8	11
21	21	41	42	42	47	49	51	51	52	55	54	58	59	59	59	59	59	61	67	67	68	68	71	74	72	75	75	77	80	78	78	77	76	75	73	70	69	69	65	64	62	54	48	44	40	38	36	24	9	4	2	3	4	4	4	4	4	4	4	4	3	3	2	2	2	3	3	3	3	3	3	4	4	4	3	3	3	3	3	3	3	4	4	4	3	3	3	4	4	4	3	3	3	3	3	4	4	4	4
2	2	2	2	2	2	3	3	3	1	1	1	1	1	1	1	1	1	1	1	1	1	1	1	1	1	2	2	3	3	3	3	4	5	5	5	5	5	5	4	4	4	4	4	4	4	4	4	4	0	0	0	0	0	0	0	0	0	0	0	0	0	0	0	0	0	0	0	0	0	0	0	0	0	0	0	0	0	0	0	0	0	0	0	0	0	0	0	0	0	0	0	0	0	0	0	0	0	0	0
21	19	18	17	14	14	15	16	16	16	16	17	18	20	20	19	19	16	16	15	14	13	13	14	14	14	15	17	19	18	25	28	26	26	23	23	23	23	23	23	23	23	22	22	22	22	21	20	18	3	0	0	0	0	0	0	0	0	0	0	0	0	0	0	0	0	0	0	0	0	0	0	0	0	0	0	0	0	0	0	0	0	0	0	0	0	0	0	0	0	0	0	0	0	0	0	0	0	0	0
87	97	99	97	103	100	101	106	107	112	116	118	118	124	128	123	124	122	122	120	123	123	122	121	121	120	121	118	118	122	123	122	124	122	119	113	111	106	104	100	98	94	90	88	80	73	66	61	38	3	2	3	3	3	3	3	3	3	3	2	2	2	3	3	3	3	3	3	3	3	3	3	3	3	3	2	2	1	1	1	1	1	1	1	1	1	0	0	0	0	0	0	0	0	0	0	0	0	0	0
3	3	3	3	3	4	4	4	3	3	3	3	3	4	5	7	7	7	9	9	9	9	9	9	9	9	9	10	10	10	11	11	11	11	11	11	10	10	9	8	8	8	8	8	8	8	8	7	5	0	0	0	0	0	0	0	0	0	0	1	1	1	1	1	1	1	2	2	2	2	2	2	2	2	2	2	2	2	2	2	2	2	2	2	2	2	1	1	1	1	1	1	1	1	1	1	1	0	0	0
4	4	5	4	4	4	4	5	4	6	6	9	9	11	11	12	12	12	12	12	14	15	18	18	23	23	22	23	23	23	25	25	26	29	29	29	29	29	29	29	27	27	27	26	24	23	22	19	16	3	0	0	0	0	0	0	0	0	0	0	0	0	0	0	0	0	0	0	0	0	0	0	0	0	0	0	0	0	0	0	0	0	0	0	0	0	0	0	0	0	0	0	0	0	0	0	0	0	0	0
1390	1401	1402	1417	1496	1493	1539	1636	1651	1648	1689	1684	1745	1845	1907	2024	1970	1980	2013	2010	1997	1918	1854	1793	1754	1713	1686	1655	1642	1666	1705	1821	1799	1757	1694	1649	1623	1586	1548	1516	1504	1450	1375	1281	1199	1125	1044	983	751	313	99	70	71	73	71	70	68	69	73	73	72	76	75	77	75	74	75	78	80	81	80	82	88	90	101	97	100	104	109	111	105	109	108	107	108	106	102	101	100	104	106	104	107	108	109	107	104	100	95	92
18	17	17	18	16	16	16	14	16	19	18	17	16	19	23	24	23	23	24	27	28	28	28	27	28	27	27	28	29	31	32	31	32	29	29	29	27	27	27	27	26	26	23	24	23	22	21	21	20	1	1	1	1	1	1	1	1	1	1	1	1	1	1	1	1	0	0	0	0	0	0	0	0	0	0	0	0	0	0	0	0	0	0	0	0	0	0	0	0	0	0	0	0	0	0	0	0	0	0	0
22	21	23	24	23	28	33	33	32	36	43	47	53	55	80	95	98	99	103	109	110	108	106	105	103	101	102	104	106	107	109	113	115	115	113	112	111	108	101	96	91	83	77	75	69	62	54	50	28	2	0	0	0	0	0	0	0	0	0	0	0	0	0	0	0	0	0	0	0	0	0	0	0	0	0	0	0	0	0	0	0	0	0	0	0	0	0	1	1	1	1	1	2	2	2	2	2	2	2	2
10	9	9	8	8	8	8	8	8	9	9	8	8	7	12	11	11	10	10	10	10	12	12	12	14	15	16	17	17	18	19	21	21	22	22	21	21	19	17	15	15	15	15	15	14	14	14	14	12	3	1	1	1	1	1	1	0	0	0	0	0	0	0	0	0	0	0	0	0	0	0	0	0	0	0	0	0	0	0	0	0	0	0	0	0	0	0	0	0	0	0	0	0	0	0	0	0	0	0	0
6	6	6	6	4	4	4	4	4	6	6	6	5	6	6	6	9	9	10	9	9	9	9	11	11	11	12	13	15	15	15	14	14	14	14	14	14	14	14	14	14	12	10	9	9	8	8	8	5	1	1	1	1	1	1	0	0	0	0	0	0	0	0	0	0	0	0	0	0	0	0	0	0	0	0	0	0	0	0	0	0	0	0	0	0	0	0	0	0	0	0	0	0	0	0	0	0	0	0	0
2	2	2	2	2	2	2	1	1	2	2	2	2	2	3	4	4	4	4	5	5	5	5	6	6	6	6	6	6	6	7	7	8	7	7	7	7	7	7	7	7	7	7	6	6	6	5	5	4	0	0	0	0	0	0	0	0	0	0	0	0	0	0	0	0	0	0	0	0	0	0	0	0	0	0	0	0	0	0	0	0	0	0	0	0	0	0	0	0	0	0	0	0	0	0	0	0	0	0	0
187	177	170	168	174	180	185	194	207	216	221	232	248	276	272	288	301	328	321	333	334	341	361	376	386	395	403	408	412	417	434	471	467	463	460	452	443	434	422	415	406	398	385	364	339	324	304	288	260	32	0	0	0	0	0	0	1	1	1	1	1	1	1	1	1	1	1	1	1	1	1	1	1	1	1	1	1	1	1	1	1	1	1	1	1	1	1	1	1	1	0	0	0	0	0	0	0	0	0	0
213	212	210	206	204	204	208	211	212	217	212	211	204	207	212	203	203	206	200	198	192	177	173	175	176	184	194	190	195	200	208	233	229	224	221	217	216	213	209	205	205	200	195	187	181	176	164	145	95	6	2	0	0	0	0	0	0	0	0	0	0	0	0	0	0	0	0	0	0	0	0	0	0	0	0	0	0	0	0	0	0	0	0	0	0	0	0	0	0	0	0	0	0	0	0	0	0	0	0	0
21	22	21	20	18	18	19	17	17	16	16	17	20	26	30	29	29	30	32	31	30	30	28	27	26	25	23	22	22	22	22	22	22	21	20	20	20	20	20	19	19	19	18	18	17	17	16	16	12	6	1	0	0	0	0	0	0	0	0	0	0	0	0	0	0	0	0	0	0	0	0	0	0	0	0	0	0	0	0	0	0	0	0	0	0	0	0	0	0	0	0	0	0	0	1	1	1	1	1	1
3	3	3	3	3	3	3	3	3	2	2	2	1	1	1	1	1	1	1	2	2	2	1	1	1	1	1	1	1	1	1	1	1	1	1	1	0	0	0	0	0	0	0	1	1	2	3	3	3	5	5	5	6	6	6	6	6	6	6	6	6	6	6	7	7	8	8	7	7	7	7	6	6	6	6	6	6	6	6	6	6	6	6	6	0	0	0	0	0	0	0	0	0	0	0	0	0	0	0	0
19	19	21	21	20	21	23	24	24	27	27	25	27	28	31	31	30	33	33	33	33	33	33	33	34	34	34	33	34	35	36	34	30	30	30	30	27	26	25	24	23	23	22	20	20	16	16	15	9	1	0	0	0	0	0	0	0	0	0	0	0	0	0	0	0	0	0	0	0	0	0	0	0	0	0	0	0	0	0	0	0	0	0	0	0	0	0	0	0	0	0	0	0	0	0	0	0	0	0	0
11	10	10	9	9	9	10	10	10	11	10	9	9	11	12	13	16	16	15	14	13	13	13	13	13	14	15	15	16	17	17	18	19	19	19	19	19	18	17	17	16	13	11	11	10	10	10	10	7	1	1	0	0	0	0	0	0	0	0	0	0	0	0	0	0	0	0	0	0	0	0	0	0	0	0	0	0	0	0	0	0	0	0	0	0	0	0	0	0	0	0	0	0	0	0	0	1	1	1	1
25	26	25	25	24	27	27	26	27	29	29	30	32	35	34	35	43	46	49	52	54	56	54	54	53	52	54	55	55	56	59	62	65	65	64	63	63	58	58	54	50	44	41	41	37	37	36	33	21	7	6	4	4	3	3	4	4	4	3	3	3	3	4	4	4	4	4	4	4	5	5	4	4	4	4	4	4	5	5	4	4	4	4	4	4	4	4	5	5	5	5	6	7	7	7	7	7	8	8	7
49	48	48	46	45	45	44	47	47	47	48	49	52	52	54	53	54	53	52	47	47	46	45	44	43	44	45	47	47	45	45	47	46	45	45	44	44	43	38	37	36	35	34	33	29	27	25	23	16	3	1	1	5	5	5	5	5	5	5	5	5	5	5	5	5	5	5	5	5	5	4	4	4	4	4	3	2	2	2	2	2	0	0	0	0	0	0	0	0	0	0	0	0	0	0	0	0	0	0	0
28	28	28	27	30	32	34	36	38	35	38	40	42	46	44	46	45	47	51	54	53	53	53	50	49	50	53	56	57	57	59	68	69	66	65	63	62	59	57	57	56	52	47	45	43	43	38	36	29	13	1	0	0	0	0	0	0	0	0	0	0	0	0	0	0	0	0	0	0	0	0	0	0	0	0	0	0	0	0	0	0	0	0	0	0	0	0	0	0	0	0	0	0	0	0	0	0	0	0	0
125	122	118	117	113	113	112	117	120	119	112	110	109	110	106	110	112	105	110	108	106	104	103	99	97	97	94	94	96	95	96	107	118	121	119	117	115	114	113	112	104	99	93	90	88	86	83	79	68	39	14	13	13	11	11	11	10	10	9	9	9	9	10	10	10	8	8	7	7	8	7	8	8	8	8	8	8	8	7	8	8	9	9	9	9	9	9	9	9	7	6	6	6	4	4	3	3	4	4	4
6	5	5	7	7	7	7	7	6	6	7	7	9	9	9	8	7	7	7	7	7	7	7	7	8	9	9	8	8	7	9	8	8	8	8	8	6	6	6	5	5	5	5	5	5	5	5	4	3	1	0	0	0	0	0	0	0	0	0	0	0	0	0	0	0	0	0	0	0	0	0	0	0	0	0	0	0	0	0	0	0	0	0	0	0	0	0	0	0	0	0	0	0	0	0	0	0	0	1	1
188	188	185	194	196	200	215	222	233	237	246	257	277	304	315	325	335	350	358	353	342	342	336	327	325	318	318	316	317	325	328	327	319	313	304	298	294	287	273	266	256	249	241	227	220	211	199	180	76	10	0	0	0	0	0	0	0	0	0	0	0	0	0	0	0	0	0	0	0	0	0	0	0	0	0	0	0	0	0	0	0	0	0	0	0	0	0	0	0	0	0	0	0	0	0	0	0	0	0	0
9	8	7	6	7	7	6	7	7	7	7	7	7	7	7	8	9	9	9	10	10	10	10	10	10	9	9	8	8	9	9	9	9	8	8	8	8	8	8	7	7	7	7	6	6	6	6	6	6	1	0	0	0	0	0	0	0	0	0	0	1	1	1	1	1	1	1	1	1	1	1	1	1	1	1	1	1	1	0	0	0	0	0	0	0	0	0	0	0	0	0	0	0	0	0	0	0	0	0	0
2	2	2	2	2	2	2	2	2	2	2	2	3	5	5	6	7	8	8	8	8	8	8	8	8	8	9	9	10	10	10	11	10	10	10	10	10	10	10	10	10	9	9	8	8	7	6	4	4	1	0	0	0	0	0	0	0	0	0	0	0	0	0	0	0	0	0	0	0	0	0	0	0	0	0	0	0	0	0	0	0	0	0	0	0	0	0	0	0	0	0	0	0	0	0	0	0	0	0	0
2	2	2	3	3	3	3	3	3	3	2	2	2	2	2	1	2	3	3	3	3	3	3	4	4	3	3	4	6	6	6	6	6	7	7	7	6	6	6	6	6	6	5	5	5	4	4	4	4	0	0	0	0	0	0	0	0	0	0	0	0	0	0	0	0	0	0	0	0	0	0	0	0	0	0	0	0	0	0	0	0	0	0	0	0	0	0	0	0	0	0	0	0	0	0	0	1	1	1	1
28	28	26	26	25	20	17	18	19	19	22	22	23	23	29	30	40	45	46	48	50	48	48	48	47	46	45	45	47	47	49	50	50	48	49	49	46	45	45	45	43	41	39	36	35	31	30	30	27	4	3	2	2	2	2	2	2	2	2	2	2	2	1	1	1	1	2	3	3	4	4	6	6	6	6	5	6	6	6	6	6	6	6	6	6	7	7	7	8	10	10	10	10	10	10	10	10	10	10	10
64	62	62	64	63	61	58	58	58	57	52	48	50	53	53	53	53	52	56	65	65	67	67	67	67	67	77	80	85	88	94	98	104	105	103	101	101	100	98	97	95	91	88	82	80	78	77	69	50	10	1	0	0	0	0	0	0	0	0	0	0	0	0	0	0	0	0	0	0	0	0	0	0	0	0	0	0	1	1	1	1	1	1	1	1	1	1	1	1	1	1	1	1	1	1	1	1	1	1	1
18	18	17	16	13	15	15	16	19	18	18	18	18	15	17	16	16	16	17	18	19	19	18	17	17	18	20	21	21	21	21	21	19	18	17	16	15	14	13	13	13	13	12	10	8	8	8	8	8	1	0	0	0	0	0	0	0	0	0	0	0	0	0	0	0	0	0	0	0	0	0	0	0	0	0	0	0	0	0	0	0	0	0	0	0	0	0	0	0	0	0	0	0	0	0	0	0	0	0	0
35	35	36	35	34	35	38	40	39	48	48	57	57	59	57	63	63	66	69	69	69	69	68	79	79	81	84	84	84	82	85	86	84	80	78	78	77	77	77	77	74	70	67	63	60	57	56	56	46	0	0	0	0	0	0	0	0	0	0	0	0	0	0	0	0	0	0	0	0	0	0	0	1	1	1	1	1	1	1	1	1	1	1	1	1	1	1	1	1	1	1	1	1	1	1	1	1	1	1	1
3	3	3	3	3	4	4	5	5	4	4	5	5	5	5	5	5	5	6	6	6	5	5	5	4	4	4	4	5	5	5	5	5	5	5	5	5	5	5	5	5	5	4	4	4	4	3	3	2	0	0	0	0	0	0	0	0	0	0	0	0	0	0	0	0	0	0	0	0	0	0	0	0	0	0	0	0	0	0	0	0	0	0	0	0	0	0	0	0	0	0	0	0	0	0	0	0	0	0	0
36	34	34	37	36	36	37	37	36	37	37	35	34	35	35	36	38	39	44	44	46	45	44	43	43	41	41	41	42	44	46	47	48	48	47	46	46	46	44	43	41	40	39	37	35	34	31	31	26	4	1	1	0	0	0	0	0	0	0	0	0	0	0	0	0	0	0	0	0	0	0	0	0	0	0	0	0	0	0	0	0	0	0	0	0	0	0	0	0	0	0	0	0	0	0	0	0	0	0	0
4	4	4	4	4	4	4	4	4	5	5	5	5	5	4	4	5	7	7	7	7	8	7	7	7	6	6	6	6	6	6	6	6	6	8	8	8	8	8	7	7	7	7	7	7	7	7	7	7	4	3	1	1	1	0	0	0	0	0	0	0	0	0	0	0	0	0	0	0	0	0	0	0	0	0	0	0	0	0	0	0	0	0	0	0	0	0	0	0	0	0	0	0	0	0	0	0	0	0	0
6	7	7	7	9	9	10	10	10	10	10	12	12	12	12	12	12	12	12	12	12	11	11	11	10	10	12	10	9	9	10	10	10	9	8	7	7	7	7	6	6	6	6	5	5	5	5	5	4	1	1	1	0	0	0	0	0	0	0	0	0	0	0	0	0	0	0	0	0	0	0	0	0	0	0	0	0	0	0	0	0	0	0	0	0	0	0	0	0	0	0	0	0	0	0	0	0	0	0	0
1	1	1	1	1	1	1	1	1	1	1	1	1	1	1	1	2	3	3	3	3	3	3	3	2	3	3	3	3	3	4	5	5	5	5	5	5	5	5	4	4	4	4	4	4	4	4	4	3	1	0	0	0	0	0	0	0	0	0	0	0	0	0	0	0	0	0	0	0	0	0	0	0	0	0	0	0	0	0	0	0	0	0	0	0	0	0	0	0	0	0	0	0	0	0	0	0	0	0	0
3	3	3	3	3	3	3	4	4	6	7	6	6	6	6	6	6	8	8	9	12	12	12	12	12	13	14	14	14	14	14	13	14	14	14	14	14	14	14	13	13	13	13	11	11	10	10	10	8	2	0	0	0	0	0	0	0	0	0	0	0	0	0	0	0	0	0	0	0	0	0	0	0	0	0	0	0	0	0	0	0	0	0	0	0	0	0	0	0	0	0	0	0	0	0	0	0	0	0	0
30	28	30	30	29	29	26	22	24	23	23	25	26	28	31	30	32	35	38	40	40	41	39	39	39	38	38	38	41	43	44	44	45	44	43	41	41	41	39	36	36	35	34	29	25	22	19	18	12	4	2	2	2	2	1	1	1	1	1	1	1	1	1	1	1	1	1	1	0	0	0	0	0	0	0	0	0	0	0	0	0	0	0	0	0	0	0	0	0	0	0	0	0	1	1	1	1	1	1	1
24	24	23	22	21	20	25	27	29	29	30	32	35	38	39	38	40	40	37	36	37	36	36	36	34	34	31	32	32	32	31	30	29	29	29	28	28	28	28	28	28	24	23	22	20	18	16	9	8	1	1	0	0	0	0	0	0	0	0	0	0	0	0	0	0	0	0	0	0	0	0	0	0	0	0	0	0	0	0	0	0	0	0	0	0	0	0	0	0	0	0	0	0	0	0	0	0	0	0	0
16	15	16	16	15	13	14	13	13	13	14	14	15	15	18	21	22	24	26	28	30	31	30	31	30	30	30	31	31	33	32	31	31	30	29	28	28	27	26	26	24	24	21	21	21	20	17	17	14	12	10	8	3	1	0	0	0	0	0	0	0	0	0	0	0	0	0	0	0	0	0	0	0	0	0	0	0	0	0	1	1	1	1	1	1	1	1	1	1	1	1	1	1	1	1	1	1	1	1	0
13	15	15	15	17	17	18	20	23	23	25	27	29	28	27	26	26	27	28	27	26	23	23	21	21	21	19	21	20	20	19	21	21	20	20	20	20	19	20	18	17	16	14	13	13	13	13	12	12	7	3	3	3	4	4	4	3	3	3	3	2	2	2	2	2	2	1	1	1	1	2	2	2	2	2	4	4	3	3	3	3	3	3	3	3	3	3	3	3	3	2	2	3	3	2	2	2	1	1	1
129	127	134	141	138	140	145	148	151	154	163	170	171	175	183	181	191	192	191	190	187	177	172	170	169	167	172	171	174	177	178	176	175	169	167	164	159	155	147	141	133	128	120	104	98	87	78	66	49	10	6	6	6	6	6	7	8	11	11	12	15	15	16	16	16	16	17	18	18	18	18	18	17	17	17	17	17	16	17	17	17	15	15	14	14	15	15	14	14	14	14	12	11	12	13	12	12	12	11	10
16	17	16	17	18	18	18	18	17	18	18	17	24	29	29	31	32	32	32	30	29	30	30	29	29	28	29	31	33	34	32	34	35	35	32	31	29	29	24	23	23	22	21	20	19	18	16	13	12	0	0	0	0	0	0	0	0	0	0	0	0	0	0	0	0	0	0	0	0	0	0	0	0	0	0	0	0	0	0	0	0	0	0	0	0	0	0	0	0	0	0	0	0	0	0	0	0	0	0	0
9	9	9	7	7	7	7	7	29	32	36	40	43	47	47	50	53	54	55	56	61	61	61	61	61	61	62	63	65	67	67	67	69	67	66	65	65	64	63	61	59	57	52	49	45	39	39	38	27	3	0	0	0	0	0	0	0	0	0	0	0	0	0	0	0	0	0	0	0	0	0	0	0	0	0	1	1	1	1	1	1	1	1	1	1	1	1	1	1	1	1	1	1	1	1	1	1	1	0	0
8	7	8	8	7	6	6	7	6	7	7	7	8	9	10	10	10	11	11	10	10	10	12	12	12	13	13	13	13	13	13	13	13	12	12	11	11	10	10	10	10	9	9	9	9	8	8	7	6	3	1	0	0	0	0	0	0	0	0	0	0	0	0	0	0	0	0	0	0	0	0	0	0	0	0	0	0	0	0	0	0	0	0	0	0	0	0	0	0	0	0	0	0	0	0	0	0	0	0	0
0	0	0	0	0	0	0	0	0	0	0	0	0	0	0	0	0	0	0	0	0	0	0	0	0	0	0	0	0	0	0	0	0	0	0	0	0	0	0	0	0	0	0	0	0	0	0	0	0	0	0	0	0	0	0	0	0	0	0	0	0	0	0	0	0	0	0	0	0	0	0	0	0	0	0	0	0	0	0	0	0	0	0	0	0	0	0	0	0	0	0	0	0	0	0	0	0	0	0	0
52	65	65	65	68	68	72	75	74	80	85	92	95	97	102	104	99	100	105	102	100	102	100	100	106	104	110	111	108	102	100	101	98	97	95	92	87	86	86	79	76	72	67	64	59	54	45	38	19	0	0	0	0	0	0	0	0	0	0	0	0	0	0	0	0	0	0	0	0	0	0	0	0	1	1	1	1	1	1	1	1	1	1	1	1	1	1	1	1	0	0	0	0	0	0	0	0	0	0	0
37	39	40	40	42	42	40	39	39	39	37	39	44	44	43	44	44	44	39	36	37	39	41	39	39	38	37	36	34	37	38	43	45	43	41	40	38	38	38	38	37	36	36	35	31	31	30	30	21	5	1	1	1	1	1	1	2	2	2	2	2	2	2	2	3	3	3	3	3	3	3	3	3	3	3	3	3	3	3	3	3	4	3	3	3	3	3	2	2	2	2	1	1	1	1	1	1	1	1	0
52	48	47	50	50	52	49	47	50	52	56	65	68	68	67	72	76	78	87	88	88	93	92	92	88	88	85	85	86	86	86	88	85	82	82	80	80	78	76	72	69	69	66	59	52	52	49	47	47	7	1	1	1	1	1	1	1	1	1	1	1	1	1	0	0	0	0	0	0	0	0	0	0	0	0	0	0	0	0	0	0	0	0	0	0	0	0	0	0	0	0	0	0	0	0	0	0	0	0	0
10	8	7	7	6	5	6	6	7	7	7	6	6	6	6	7	7	7	7	7	7	7	7	7	6	5	5	5	7	8	9	9	9	9	9	9	9	8	8	8	8	8	8	8	7	6	6	5	4	0	0	0	0	0	0	0	0	0	0	0	0	0	0	0	0	0	0	0	0	0	0	0	0	0	0	0	0	0	0	0	0	0	0	0	0	0	0	0	0	0	0	0	0	0	0	0	0	0	0	0
18	17	14	14	13	13	14	14	16	16	15	18	18	20	18	19	18	19	20	21	22	20	20	21	20	19	20	21	22	23	23	25	25	22	22	22	22	22	21	21	21	20	20	20	18	18	18	17	15	2	0	0	0	0	0	0	0	0	0	0	0	0	0	0	0	0	0	0	0	0	0	0	0	0	0	0	0	0	0	0	0	0	0	0	0	0	0	0	0	0	0	0	0	0	0	0	0	0	0	0
1	1	1	1	1	2	2	2	2	2	2	2	2	2	2	2	2	2	2	2	1	1	1	0	0	0	0	0	0	0	0	0	0	0	0	0	0	0	0	0	0	1	1	1	1	1	1	58	493	539	682	705	751	802	805	827	861	885	918	933	940	961	972	997	1035	1049	1076	1025	1004	987	958	931	923	895	878	881	850	870	883	905	900	896	875	873	888	888	911	913	919	942	952	964	966	980	969	981	983	976	972	985
40	40	38	36	35	33	33	33	31	32	29	33	38	40	51	53	56	59	62	65	68	68	68	69	67	67	64	68	69	74	83	90	94	94	92	91	90	89	86	84	84	78	78	74	72	69	66	62	38	12	2	0	0	0	0	0	0	0	0	0	0	0	0	0	0	0	0	0	0	0	0	0	0	0	0	0	0	0	0	0	0	0	0	1	1	1	1	1	1	1	1	1	1	1	1	1	1	1	1	1
9	8	8	9	8	10	11	10	10	9	8	11	11	11	12	12	12	14	15	16	16	17	16	16	16	16	17	18	18	18	16	16	16	17	17	17	16	15	15	15	15	14	13	12	11	10	9	8	7	3	2	1	1	1	0	0	0	0	0	0	0	0	0	0	0	0	0	0	0	0	0	0	0	0	0	0	0	0	0	0	0	0	0	0	0	0	0	0	0	0	0	0	0	0	0	0	0	0	0	0
7	7	7	7	10	10	10	9	9	8	8	8	8	8	8	7	7	7	7	7	6	6	6	5	6	7	7	7	8	9	11	11	10	10	10	10	10	10	10	10	9	10	10	10	10	10	10	9	11	7	7	8	7	7	7	7	7	7	5	4	4	4	5	5	5	5	5	5	5	5	5	5	5	4	4	3	4	4	4	4	3	2	2	2	1	1	1	1	1	1	1	1	1	1	1	1	1	1	1	1
24	23	26	26	26	30	32	33	33	32	34	34	33	31	31	35	39	42	43	41	40	39	37	37	37	38	35	36	35	37	38	43	43	44	44	43	40	39	38	36	36	36	35	27	27	25	24	21	13	4	1	0	0	0	0	0	0	0	0	0	0	0	0	0	0	0	0	0	0	0	0	0	0	0	0	0	0	0	0	0	0	0	0	0	0	0	0	0	0	0	0	0	0	0	0	0	0	0	0	0
4	4	5	4	4	4	4	5	7	8	8	8	9	10	10	11	11	10	10	10	10	10	10	10	11	11	11	11	13	13	14	14	13	13	13	13	13	12	12	12	10	9	9	9	8	8	8	7	5	1	1	1	1	1	1	1	1	1	1	1	1	1	1	1	1	1	1	1	1	1	1	1	0	0	0	0	0	0	0	0	0	0	0	0	0	0	0	0	0	0	0	0	0	0	0	0	0	0	0	0
17	18	19	17	17	17	18	18	19	19	20	21	19	21	20	20	21	22	23	22	21	21	22	23	23	26	29	31	31	30	32	31	30	28	27	28	27	27	27	27	26	26	25	23	23	21	20	20	20	2	1	0	0	0	0	0	0	0	0	0	0	0	0	0	0	0	0	0	0	0	0	0	0	0	0	0	0	0	0	0	0	0	0	0	0	0	0	0	0	0	0	0	0	0	1	1	2	2	2	3
4	4	4	4	4	4	5	5	4	4	4	3	3	3	3	4	4	4	4	5	5	5	5	5	5	5	5	5	6	8	8	9	10	9	9	9	9	8	8	7	7	6	6	6	6	6	6	6	6	3	1	1	1	1	0	0	0	0	0	0	0	0	0	0	0	0	0	0	0	0	0	0	0	0	0	0	0	0	0	0	0	0	0	0	0	0	0	0	0	0	0	0	0	0	0	0	0	0	0	0
5	5	5	4	5	6	6	6	6	6	4	4	4	4	4	3	3	3	3	3	4	4	4	4	4	4	4	4	3	3	3	3	3	2	2	2	2	2	2	2	2	2	2	2	2	2	2	2	2	0	0	0	0	0	0	0	0	0	0	0	0	0	0	0	0	0	0	0	0	0	0	0	0	0	0	0	0	0	0	0	0	0	0	0	0	0	0	0	0	0	0	0	0	0	0	0	0	0	0	0
0	0	0	0	0	0	0	0	0	0	4	4	4	4	4	4	4	4	4	4	4	6	6	6	6	6	6	6	8	8	8	8	8	8	8	8	8	8	8	7	7	7	7	7	6	6	6	6	5	0	0	0	0	0	0	0	0	0	0	0	0	0	0	0	0	0	0	0	0	0	0	0	0	0	0	0	0	0	0	0	0	0	0	0	0	0	0	0	0	0	0	0	0	0	0	0	0	0	0	0
13	12	14	14	15	13	14	14	14	14	15	15	17	17	15	15	16	14	14	20	18	17	16	15	15	15	16	17	18	21	21	22	22	25	26	26	25	25	25	25	25	25	23	22	20	20	19	15	10	4	2	2	2	2	0	0	0	0	0	0	0	0	0	0	0	0	0	0	0	0	0	0	0	0	0	0	0	0	0	0	1	1	1	1	1	1	1	2	2	2	2	2	2	2	2	2	2	2	2	2
11	10	10	10	10	10	10	10	10	10	10	10	14	15	15	16	19	18	18	19	20	21	21	20	20	20	19	20	20	21	22	25	26	27	25	25	24	24	24	24	23	22	20	19	18	17	15	14	13	5	0	0	0	0	0	0	0	0	0	0	0	0	0	0	0	0	0	0	0	0	0	0	0	0	0	0	0	0	0	0	0	0	0	0	0	0	0	0	0	0	0	0	0	0	0	0	0	0	0	0
36	36	37	37	36	38	40	46	46	50	52	51	51	51	52	50	50	47	45	43	44	42	44	43	44	48	49	53	56	53	55	59	58	56	55	54	55	54	53	53	52	50	50	50	50	47	44	32	22	6	5	3	3	3	3	3	3	2	2	2	2	2	2	2	2	3	3	3	3	3	3	3	3	4	4	4	5	5	5	7	7	7	6	6	6	6	6	6	6	5	5	5	5	5	5	4	3	2	2	2
16	16	17	16	16	14	14	14	15	15	17	14	14	12	14	15	15	16	16	16	17	18	19	21	18	18	18	19	19	18	19	19	19	18	18	18	18	19	19	19	19	19	19	18	15	13	11	9	9	5	6	6	6	5	4	4	4	4	3	4	4	4	4	4	4	3	3	3	3	3	3	2	2	2	2	2	3	3	3	3	3	3	3	3	3	3	2	2	3	3	4	4	4	4	3	4	4	5	4	4
27	25	25	25	23	24	25	27	27	30	29	39	38	39	38	39	37	37	38	37	38	40	40	43	46	45	43	43	43	43	39	37	37	36	35	35	34	32	31	30	29	28	26	25	22	21	18	18	18	5	1	1	1	1	1	1	1	1	1	1	1	1	0	0	0	0	0	0	0	0	0	0	0	0	0	0	0	0	0	0	0	0	0	0	0	0	0	0	0	0	0	0	1	1	1	1	1	1	1	1
8	10	12	13	13	11	11	12	14	13	13	14	15	17	18	18	19	21	21	21	20	20	20	24	24	27	28	30	29	28	28	29	29	28	28	27	25	25	24	24	24	22	21	21	21	19	14	11	9	0	0	0	0	0	0	0	0	0	0	0	0	0	0	0	0	0	0	0	0	0	0	0	0	0	0	0	0	0	0	0	0	0	0	0	0	0	0	0	0	0	0	0	0	0	0	0	0	0	0	0
3	2	3	3	3	3	3	3	5	5	5	5	6	6	6	6	7	6	6	6	7	7	7	7	7	7	7	8	8	8	8	8	8	8	8	8	8	7	7	7	6	6	6	6	6	6	5	5	4	1	0	0	0	0	0	0	0	0	0	0	0	0	0	0	0	0	0	0	0	0	0	0	0	0	0	0	0	0	0	0	0	0	0	0	0	0	0	0	0	0	0	0	0	0	0	0	0	0	0	0
5	5	5	5	5	5	6	6	6	5	4	4	4	7	7	7	7	7	7	6	6	6	6	6	6	6	6	5	5	5	4	5	5	5	5	5	5	5	5	5	5	5	4	4	4	4	4	4	4	0	0	0	0	1	1	1	1	1	1	1	1	1	1	1	1	1	1	0	0	0	0	0	0	0	0	0	0	0	0	0	0	0	0	0	0	0	0	0	0	0	0	0	0	0	0	0	0	0	0	0
6	6	5	5	5	4	4	4	6	6	5	5	6	6	7	8	8	8	8	8	8	8	8	8	8	8	8	8	9	9	12	12	12	12	12	11	10	10	10	9	9	9	8	7	7	7	6	6	4	0	0	0	0	0	0	0	0	0	0	0	0	0	0	0	0	0	0	0	0	0	0	0	0	0	0	0	0	1	1	1	1	1	1	1	1	1	1	1	1	1	1	1	1	1	0	0	0	0	0	0
2	2	2	2	2	2	2	2	2	2	3	3	4	4	4	3	2	3	3	3	3	3	3	3	3	4	5	6	7	7	7	7	7	6	6	6	6	6	6	6	6	6	6	6	6	5	5	5	3	0	0	0	0	0	0	0	0	0	0	0	0	0	0	0	0	0	0	0	0	0	0	0	0	0	0	0	0	0	0	0	0	0	0	0	0	0	0	0	0	0	0	0	0	0	0	0	0	0	0	0
3	3	3	3	4	4	5	5	5	5	5	5	5	5	6	6	6	7	7	8	8	9	9	9	9	9	9	9	9	9	9	9	9	9	8	15	15	13	10	7	7	7	7	7	7	7	7	7	7	0	0	0	0	0	0	0	0	0	0	0	0	0	0	0	0	0	0	0	0	0	0	0	0	0	0	0	0	0	0	0	0	0	0	0	0	0	0	0	0	0	0	0	0	0	0	0	0	0	0	0
9	9	9	8	8	8	8	8	11	10	10	12	13	15	13	13	12	12	12	13	13	12	12	12	14	15	15	17	20	21	22	28	29	29	29	29	29	29	29	29	29	29	29	29	28	27	25	24	22	2	1	0	0	0	0	0	0	0	0	0	0	0	0	0	0	0	0	0	0	0	0	0	0	0	0	0	0	0	0	0	0	0	0	0	0	0	0	0	0	0	0	1	1	1	1	1	1	1	1	1
15	15	12	13	14	14	14	16	17	19	22	23	26	26	27	27	30	30	31	31	31	33	33	33	34	36	39	38	38	40	41	42	42	42	41	39	39	38	37	37	36	32	30	27	26	26	23	22	16	5	3	3	2	2	2	2	2	2	2	2	2	2	2	2	2	2	2	2	2	2	1	1	1	1	1	1	1	1	1	1	1	1	1	1	1	1	1	1	1	1	2	2	2	2	2	2	2	2	2	2
42	42	40	38	43	43	44	50	52	56	56	56	59	59	65	69	66	67	61	60	58	59	61	60	59	59	63	63	68	71	73	73	75	76	76	75	75	74	73	71	70	69	66	65	65	64	61	55	39	4	1	0	0	0	1	1	1	1	1	1	1	1	1	1	1	1	1	1	1	1	1	2	2	2	2	2	2	1	1	1	1	1	1	1	2	2	2	2	2	2	2	2	2	2	2	1	1	1	2	3
10	10	10	10	11	11	12	11	17	23	26	25	27	34	39	40	41	43	42	43	42	41	41	41	41	41	41	40	41	42	42	42	43	40	38	38	38	38	35	35	32	32	30	28	28	27	25	18	9	0	0	0	0	0	0	0	0	0	0	0	0	0	0	0	0	0	0	0	0	0	0	0	0	0	0	0	0	0	0	0	0	0	0	0	0	0	0	0	0	0	0	0	0	1	1	1	1	1	1	1
9	10	10	12	11	13	12	13	14	17	17	17	16	16	17	19	19	18	19	19	18	17	17	17	17	16	16	17	19	19	19	20	21	21	18	18	18	16	15	14	12	12	12	12	12	11	11	10	6	1	1	1	1	1	1	1	1	1	1	1	1	1	1	1	1	1	1	0	0	0	0	0	0	0	5	6	6	8	8	8	8	8	8	8	9	9	9	9	10	10	10	10	10	10	9	8	7	6	7	7
2	2	2	2	2	3	3	4	4	3	3	6	6	7	7	7	7	7	7	7	8	8	8	8	9	8	8	8	8	7	5	4	4	4	4	4	4	3	3	2	2	2	2	2	2	2	2	2	2	0	0	0	0	0	0	0	0	0	0	0	0	0	0	0	0	0	0	0	0	0	0	0	0	0	0	0	0	0	0	0	0	0	0	0	0	0	0	0	0	0	0	0	0	0	0	0	0	0	0	0
17	17	16	16	17	19	21	23	27	27	33	38	42	41	42	43	46	48	50	51	51	50	49	50	51	53	53	52	52	54	57	57	58	57	57	53	53	51	45	45	42	40	36	35	32	29	28	28	22	2	0	0	0	0	0	0	0	0	0	0	0	0	0	0	0	0	0	0	0	0	0	0	0	0	0	0	0	0	0	0	0	0	0	0	0	0	0	0	0	0	0	0	0	0	0	0	0	0	0	0
50	48	47	48	50	50	53	53	55	59	63	68	74	78	86	92	94	93	96	101	99	98	98	97	98	99	107	105	104	102	100	102	104	103	102	101	102	100	97	88	82	75	70	69	67	61	58	57	46	11	4	4	4	4	4	4	3	3	4	5	5	5	5	5	5	5	5	5	5	5	5	4	4	5	5	5	4	4	4	4	4	4	4	4	4	4	4	4	4	4	4	3	3	1	1	0	0	0	0	0
8	9	9	7	7	7	7	7	7	8	7	7	7	8	7	9	10	11	11	11	12	14	11	11	11	10	10	10	10	14	15	14	17	17	17	16	16	16	16	16	15	15	14	14	14	13	12	12	11	1	0	0	0	0	0	0	0	0	0	0	0	0	0	0	0	0	0	0	0	0	0	0	0	0	1	1	1	1	1	1	1	1	1	1	2	2	2	2	2	2	2	2	2	2	2	3	3	3	3	3
15	17	17	17	16	17	16	18	20	23	23	24	24	24	24	25	24	25	26	28	29	30	30	30	35	36	39	39	40	43	45	44	48	49	50	48	47	46	44	44	44	44	44	42	40	37	36	34	32	14	1	0	0	0	0	0	0	0	0	0	0	0	0	0	0	0	0	0	0	0	0	0	0	0	0	0	0	0	0	0	0	0	0	0	0	0	0	0	0	0	0	0	0	0	0	0	0	0	0	0
4	4	4	4	5	5	6	6	6	7	9	10	9	9	10	10	12	13	14	14	14	14	14	14	16	15	17	18	21	21	20	21	21	20	20	18	18	18	18	18	15	14	13	13	13	13	14	15	9	2	3	3	3	3	3	3	3	3	3	3	3	3	3	3	3	3	2	2	2	1	1	1	1	1	1	1	1	1	1	1	0	0	0	0	0	0	0	0	0	0	0	0	0	0	0	0	0	0	0	0
40	41	43	44	42	43	43	48	51	55	54	53	57	58	62	63	66	63	63	57	56	56	55	52	50	50	53	55	57	63	67	74	77	76	75	73	71	69	69	68	68	68	66	63	60	59	56	52	47	11	0	0	0	0	0	0	0	0	0	0	0	0	0	0	0	0	0	0	0	0	0	0	0	0	0	0	0	0	0	0	0	0	0	0	0	0	0	0	0	0	0	0	0	0	0	0	0	0	0	0
27	24	24	24	24	28	25	26	27	28	25	29	29	29	31	36	41	43	49	54	56	57	58	60	61	60	64	69	72	73	73	74	74	74	75	76	74	74	70	69	69	68	66	65	63	57	54	54	48	23	13	12	11	9	9	8	8	10	9	9	9	9	10	9	9	8	7	7	7	7	7	6	6	5	7	6	7	6	6	7	7	7	6	6	6	6	6	7	7	9	10	10	9	8	7	7	7	6	6	7
6	5	5	5	5	5	4	4	4	4	4	5	6	7	7	9	9	9	9	8	8	7	7	7	7	7	7	7	7	7	8	8	10	10	10	10	10	10	10	9	8	8	8	7	6	6	6	5	5	1	0	0	0	0	0	0	0	0	0	0	0	0	0	0	0	0	0	0	0	0	0	0	0	0	0	0	0	0	0	0	0	0	0	0	0	0	0	0	0	0	0	1	1	11	12	12	17	17	17	18
35	34	37	38	39	40	44	48	49	59	60	65	72	75	78	82	85	84	82	81	78	79	79	78	77	78	79	80	82	84	86	84	80	79	73	73	71	70	70	68	64	62	60	59	55	53	50	48	40	4	0	0	0	0	0	0	0	0	0	0	0	0	0	0	0	0	0	0	0	0	0	0	0	0	0	0	0	0	0	0	0	0	1	1	1	1	1	1	1	1	1	1	1	1	1	1	1	1	1	1
27	23	23	23	23	24	26	26	25	28	35	44	43	47	47	49	51	53	53	52	52	50	50	50	49	50	51	51	49	50	51	52	52	53	53	53	49	46	44	44	38	37	36	34	32	30	28	25	19	3	0	0	0	0	0	0	0	0	0	0	0	0	0	0	0	0	0	0	1	1	1	1	1	1	1	1	1	1	1	1	1	1	1	1	1	1	1	1	1	0	0	0	0	0	0	0	0	0	0	0
14	14	14	14	13	15	15	14	13	14	15	15	16	16	24	24	24	26	27	25	24	23	23	23	23	23	29	29	30	32	35	36	35	35	35	34	34	33	33	32	31	30	27	26	24	24	23	21	18	6	1	1	1	1	1	1	1	1	1	1	1	1	1	1	1	1	1	1	1	1	1	2	2	2	2	2	1	1	1	1	1	1	1	1	1	1	1	1	1	1	1	1	0	0	0	0	0	0	0	0
11	12	12	13	14	13	13	15	15	16	15	16	16	18	22	23	23	22	23	24	24	24	24	25	25	26	26	28	28	28	25	25	26	26	26	26	26	25	24	21	19	19	19	17	15	14	13	8	4	0	0	0	0	0	0	0	0	0	0	0	0	0	0	0	0	0	0	0	0	0	0	0	0	0	1	1	1	1	1	1	1	1	1	1	1	1	1	1	1	1	1	1	1	1	1	1	1	0	0	0
17	17	19	20	20	22	24	25	26	28	34	35	37	37	38	35	39	40	42	45	48	48	48	51	52	52	53	53	53	53	55	56	56	55	51	50	49	45	43	41	38	36	33	30	29	28	24	18	17	0	0	0	0	0	0	0	0	0	0	0	0	0	0	0	0	1	1	1	1	1	2	2	2	2	2	2	2	2	2	2	2	3	3	2	2	2	2	2	2	2	2	2	2	2	2	2	2	2	2	2
46	48	49	45	50	50	52	52	51	51	50	48	52	54	51	52	53	53	53	52	53	58	60	71	74	78	86	96	96	95	94	93	90	88	85	80	79	79	76	76	76	68	68	66	65	58	50	31	24	8	4	3	3	3	3	3	2	2	2	2	2	3	3	3	4	4	4	4	5	5	5	5	5	5	5	5	5	2	3	3	3	3	3	3	3	2	2	2	2	2	2	2	2	2	2	1	1	1	1	1
452	454	454	453	503	493	527	537	547	560	584	597	599	639	639	638	669	685	681	679	668	658	639	620	601	585	577	563	551	548	551	559	552	536	522	510	505	481	462	437	393	353	331	288	253	215	192	163	107	29	1	1	1	2	2	2	2	2	2	2	2	2	2	2	2	2	2	2	2	2	2	2	2	2	1	1	0	0	0	0	0	0	0	0	0	0	0	0	1	1	1	1	1	1	1	1	1	1	1	1
4	3	3	3	4	5	5	8	8	9	10	15	19	20	20	20	20	23	23	24	24	23	23	23	26	26	26	26	26	26	25	25	22	21	20	20	19	19	18	18	18	18	16	13	12	10	9	8	8	1	0	0	0	0	0	0	0	0	0	0	0	0	0	0	0	0	0	0	0	0	0	0	0	0	0	0	0	0	0	0	0	0	0	0	0	0	0	0	0	0	0	0	0	0	0	0	0	0	0	0
11	11	10	9	9	10	10	12	12	14	14	13	14	14	16	15	18	18	24	22	24	23	25	25	25	25	25	25	25	25	25	25	24	22	22	22	22	21	17	17	14	14	13	12	10	9	8	8	4	0	0	0	0	0	0	0	0	0	0	0	0	0	0	0	0	0	0	0	0	0	0	0	0	0	0	0	0	0	0	0	0	0	0	0	0	0	0	0	0	0	0	0	0	0	0	0	0	0	0	0
78	75	72	71	71	73	81	88	87	94	96	116	120	136	143	153	158	168	166	169	171	173	177	183	181	183	179	176	180	180	181	183	186	185	178	175	172	171	167	164	158	151	136	130	119	106	97	85	61	23	3	1	1	1	1	1	1	1	1	0	0	0	0	0	0	0	0	0	0	0	0	0	0	0	0	0	0	0	0	0	0	0	1	1	1	1	1	1	1	1	1	1	1	1	1	1	1	1	1	1
233	230	234	232	226	227	234	238	232	224	245	236	239	245	264	274	285	284	287	290	294	307	327	333	336	346	354	354	363	390	399	403	397	401	394	385	377	373	365	354	348	333	325	316	303	278	269	252	225	12	3	2	2	2	2	2	2	2	2	2	1	0	0	0	0	0	0	1	1	1	1	1	1	1	1	1	2	2	2	2	2	2	2	4	4	4	4	4	4	4	4	4	4	4	4	3	3	4	4	4
479	468	463	455	448	428	425	418	427	439	441	462	537	525	547	577	597	651	655	682	695	704	728	759	766	774	794	804	816	863	858	904	937	920	919	908	897	879	867	858	844	824	807	781	765	760	746	726	586	153	107	95	93	89	84	81	72	66	67	71	66	65	70	75	79	77	78	79	80	82	85	87	86	84	83	86	87	91	91	88	86	88	89	88	82	83	83	87	84	87	89	86	85	86	88	88	87	78	75	74
1059	1012	1009	990	941	928	919	918	977	962	962	998	966	992	1003	1036	1045	1095	1134	1146	1166	1182	1210	1232	1263	1270	1294	1285	1295	1291	1283	1271	1255	1233	1210	1188	1177	1157	1135	1124	1101	1071	1011	985	950	919	893	837	777	247	78	41	14	14	14	13	13	13	13	17	17	18	17	17	17	16	17	19	18	18	16	16	14	17	18	18	19	18	18	19	19	19	19	20	19	18	17	18	19	19	22	21	21	21	23	22	21	20	20	20
22	21	22	20	29	34	36	36	40	39	38	38	38	39	40	42	43	39	39	40	42	42	41	40	38	38	40	41	39	42	41	43	43	40	39	37	35	33	33	33	30	29	24	24	23	17	17	15	11	0	0	0	0	0	0	0	0	0	0	0	0	0	0	0	0	0	0	0	0	0	0	0	0	0	0	0	0	0	0	0	0	0	0	0	0	0	0	0	0	0	0	0	0	0	0	0	0	0	0	0
15	16	17	18	18	23	24	25	34	34	34	34	34	35	36	38	37	37	38	38	37	36	36	35	35	36	35	34	33	34	36	37	36	37	35	35	34	34	34	34	32	30	28	25	23	20	17	15	7	0	0	0	0	0	0	0	0	1	1	1	1	1	1	1	1	1	1	1	1	1	1	1	1	1	1	1	1	1	1	1	1	1	1	1	1	1	1	1	1	1	1	1	1	0	0	0	0	0	0	0
11	11	10	8	8	9	9	11	11	11	11	11	12	10	9	8	8	8	8	8	9	11	11	11	12	12	13	13	13	13	15	16	17	16	16	16	16	16	16	15	15	14	14	14	14	13	12	12	9	1	1	0	0	0	0	0	0	0	0	0	0	0	0	0	0	0	0	0	0	0	0	0	0	0	0	0	0	0	0	0	0	0	0	0	0	0	0	0	0	0	1	2	2	2	3	3	3	3	3	3
30	31	31	34	36	36	39	40	40	43	44	46	46	49	49	47	46	44	47	44	41	39	40	40	37	40	38	35	37	40	43	42	42	43	41	41	39	39	37	37	37	37	35	29	27	25	16	11	5	0	0	0	0	0	0	0	0	0	0	0	0	0	0	0	0	0	0	0	0	0	0	0	0	0	0	0	0	0	0	0	0	0	0	0	0	0	0	0	0	0	0	0	0	0	0	0	0	0	0	0
4	4	5	5	6	6	6	6	5	5	9	10	11	13	15	15	15	15	15	15	17	19	16	17	18	20	22	24	24	25	26	26	26	26	26	25	25	23	22	22	22	22	20	19	18	17	15	14	11	0	0	0	0	0	0	0	0	0	0	0	0	0	0	0	0	0	0	0	0	0	0	0	0	0	0	0	0	0	0	0	0	0	0	0	0	0	0	0	0	0	0	0	0	0	0	0	0	0	0	0
65	68	74	75	77	76	78	87	93	100	102	103	105	108	115	120	126	126	125	141	143	146	144	143	141	137	135	138	137	134	131	129	131	130	126	126	121	113	110	105	102	96	89	81	79	73	72	61	51	5	3	3	3	4	3	4	4	4	4	4	4	4	4	4	4	4	5	5	6	5	5	6	6	7	8	6	6	7	7	7	6	6	6	6	6	6	5	5	5	5	4	4	4	6	6	4	4	4	4	4
22	22	22	24	25	24	24	23	21	19	18	17	17	19	19	20	24	27	27	27	26	24	23	23	22	22	25	26	26	28	29	30	32	31	30	29	28	28	28	28	27	25	24	20	20	20	20	17	16	6	0	0	0	0	0	0	0	0	0	0	0	0	0	0	0	0	0	0	0	0	0	0	0	0	0	0	0	0	0	0	0	0	0	0	0	0	0	0	0	0	0	0	0	0	0	0	0	0	0	0
61	64	61	63	61	65	68	70	72	75	80	80	81	84	86	87	85	79	77	74	73	73	73	76	82	81	86	86	87	87	87	83	82	85	84	80	79	72	70	67	66	60	59	56	54	51	51	50	41	14	7	6	5	5	5	5	5	5	4	4	5	5	7	7	8	8	8	8	8	9	7	7	7	7	7	7	7	7	7	7	7	7	7	7	6	6	6	4	4	4	4	4	5	4	4	2	2	3	3	3
72	69	65	64	61	62	65	81	83	84	82	87	102	104	112	115	121	126	131	137	139	145	159	157	161	164	170	186	191	207	210	211	211	208	208	208	204	203	197	194	187	185	178	176	172	156	142	100	68	26	8	8	7	7	7	5	5	6	7	6	6	7	7	6	9	9	10	12	12	14	14	14	15	15	15	14	14	14	14	13	13	12	12	11	12	12	11	10	9	8	8	5	5	5	5	5	5	5	5	5
28	29	29	30	32	33	34	35	34	35	35	37	39	39	35	35	37	37	39	37	37	37	36	34	33	30	29	25	25	24	24	26	26	26	26	25	24	24	24	24	22	22	19	17	15	15	14	10	10	0	0	0	0	0	0	0	0	0	0	0	0	0	0	0	0	0	0	0	0	0	0	0	0	0	0	0	0	0	0	0	0	0	0	0	0	0	0	0	0	0	0	0	0	0	0	0	0	0	0	0
16	17	19	19	18	19	22	23	24	24	24	23	21	20	20	25	25	26	25	26	25	27	29	26	26	25	26	26	27	25	23	24	27	27	27	27	27	26	26	26	25	25	25	24	21	20	15	14	12	4	2	2	2	2	2	2	1	1	1	1	1	1	1	1	1	1	1	1	1	1	0	0	0	0	0	0	0	0	0	0	0	0	0	0	0	0	0	0	0	0	0	0	1	1	1	1	1	1	1	1
