98	1504
1568	2668
2678	3757
3771	6188
6622	7059
14366	14959
15166	15426
15841	16023
16180	17130
22060	22683
22730	24187
24197	24724
30662	32149
35390	36874
42513	44528
47613	49328
49417	50970
51147	52124
52127	53071
53219	54208
54435	55442
57979	59355
59365	59979
60328	60852
63888	65930
66586	67365
67549	68121
69776	70303
70395	70718
70875	72068
76660	76860
76850	77290
77303	78193
78197	79621
79630	80187
80191	81318
81323	82624
82621	83520
83524	84444
84441	85211
85208	85684
85687	86190
86190	87593
87616	88146
88252	88653
88650	90248
90245	91891
92212	92913
96661	98193
98271	99050
99062	99697
99694	101328
101378	101644
101648	102046
102114	102860
105472	106533
106674	107108
107738	110530
112106	112723
113516	114154
114154	114696
114704	115192
115411	116802
126019	127848
127929	128486
129186	130130
130102	130536
130643	131560
137260	138177
138214	140235
140235	141737
141737	142954
143015	143458
143491	144090
144077	144466
144477	145118
145111	146121
146090	147289
147297	147788
147850	148551
151908	152693
152805	153269
155891	157771
157900	158403
158502	158801
158985	159704
159832	161124
169033	169203
177790	178815
178817	179860
179898	181724
181734	182591
182624	183463
183592	184017
185478	186425
186511	188610
189779	190495
190606	191247
194515	195189
195493	195729
195743	195913
196100	196576
196672	197481
200551	201555
202975	203361
203370	204077
204413	205522
205524	206492
249462	250628
251460	252596
252671	253114
253204	255369
255559	256839
256918	257190
257343	258374
258364	259650
259631	260653
260658	262019
262059	263201
263198	264091
264097	265245
265256	266089
266070	266684
266677	267303
267355	268530
268739	270712
272606	273250
274395	274742
275900	276325
279008	279250
287729	287950
288409	288720
288735	289364
289382	289984
289981	290283
290299	291123
291145	291423
291434	291766
291785	292483
292495	292905
292905	293096
293096	293350
293514	293885
293899	294216
294241	294780
294798	295103
295133	295525
295539	296072
296082	296435
296450	296953
296961	297137
297143	297577
297598	298932
298971	299084
299234	299590
299609	299998
300026	300646
300671	301663
301690	302070
303712	304311
305009	306388
309358	310233
310292	311200
311219	312649
312892	314616
314641	315258
316411	316515
321359	321562
322376	324175
324172	328077
328105	328452
330569	331927
331933	332568
332881	333873
333883	335475
335469	336173
341978	342913
343027	343218
344570	344881
344902	345159
345370	346545
346853	347656
347653	348126
348136	348615
355758	356609
363043	363819
364005	364553
364557	365603
366132	367091
367418	369217
369678	371402
371404	371898
373898	374659
374778	376610
386703	388061
389562	390335
390572	391279
391686	391976
393238	394368
399627	400643
401059	401874
402763	403122
403119	403601
403617	404420
405782	407482
407482	408153
411296	412828
413717	414973
415084	417927
417995	419425
421130	421777
421781	422239
422286	423092
423140	423724
423976	425856
425860	428145
431636	432739
432991	433419
433435	433827
434372	434962
434962	436227
436224	436961
437059	437694
437711	438193
441772	442635
443489	444439
444445	444762
444759	446552
446614	448095
448092	449456
449456	450538
450577	451890
451912	453108
453095	454162
454186	455643
455796	456617
456610	457872
457903	459138
459240	460157
461086	463812
463939	464340
464454	465263
465745	466884
466901	470134
470343	471122
488770	489729
490069	492420
492422	492871
494031	494438
494497	494979
496062	498521
498542	499498
499495	500775
501600	502487
502765	503445
503557	504108
505248	506681
506790	507566
510015	511325
512095	513012
513071	513859
513904	515643
516013	516903
516946	518463
518710	520044
520569	520820
522139	522450
523766	524287
524290	526536
526546	527337
527377	528198
528208	529059
531999	532889
533182	533478
534224	535786
535857	536792
536857	539685
539902	540402
540591	541022
541047	542012
546324	546461
546497	546838
546949	547278
549488	550471
550690	551763
551792	552919
556507	558444
558458	558757
563940	564917
564919	565647
565797	568370
572882	574243
580629	580961
580974	581810
582129	582437
585443	586132
586173	587471
587471	588436
592259	594466
594497	596170
596173	596991
597024	597722
600446	601351
601958	603586
603718	605028
605894	607102
607335	608387
608534	609667
609833	610162
610217	612040
612055	613002
614231	614950
615076	615582
615611	616825
616862	617245
617317	617643
617699	618214
618236	620089
620103	620441
620485	620679
620852	622150
622239	622664
622884	624011
624528	625478
625485	626603
626630	627898
628023	628637
628650	629810
629864	629986
629995	631491
631558	632439
632734	632958
634537	636003
636102	637655
641871	642464
642637	643617
643958	645271
645314	646510
646557	647462
650761	651678
651813	653081
653291	654622
654613	655455
666870	667694
673627	674307
674297	674950
676211	676654
676644	676997
680656	681252
681664	682938
683274	685184
685402	686550
687155	687664
687645	688262
688259	689572
689562	689972
690273	691832
691998	692531
695173	699066
702576	702884
705021	705560
708123	709412
709678	710142
710234	711481
711593	711982
712102	713241
713259	714509
714626	715075
715082	716200
716218	716871
717007	718116
718285	718755
718755	719222
719301	720266
720307	720813
724183	724944
724959	725906
726383	727831
728524	729444
729425	730048
730038	730436
730433	731524
739023	739568
739571	740347
743338	743889
743991	744944
745136	746560
746723	748408
749432	750682
763645	764115
770050	771285
778764	780020
780050	781138
781142	782002
782039	782422
782428	783237
783290	784141
784374	786056
786165	786638
790836	791528
795026	796453
797074	798024
800358	800996
801006	801437
803265	804191
804202	805029
805291	805686
805692	806105
806123	806830
806862	808193
808496	809245
809264	810052
810083	810859
810902	811993
812011	812955
813109	815049
815063	816256
816651	817805
823469	824410
824500	826512
827022	828419
828518	828880
834688	835422
835419	836210
836200	836550
836547	836948
837096	837305
837364	837909
840773	842677
842995	843639
843803	844765
846549	847049
853609	855180
855416	857086
857849	858352
860241	860783
860873	862519
863529	864287
866047	866439
866433	866777
866778	868544
868559	869269
869439	872264
872293	873498
873693	874859
874859	875731
877502	878383
878585	881953
882829	883056
883056	885332
885329	885559
888169	888762
892137	894047
894105	894806
894856	895161
895209	895766
895773	896627
896733	898424
898456	899622
901706	901990
902035	903006
903081	904028
904269	905468
907636	908733
909008	910222
910219	911838
911890	912768
912802	916749
916742	917686
918549	920510
922083	923312
923557	924219
924216	925583
925854	928847
929007	930476
930617	931342
931332	932774
932936	934183
934266	935189
935186	936043
936049	937164
937464	938462
938532	939221
939225	940586
944073	944264
944557	945861
945967	946593
946664	947944
948075	950426
950618	950890
951094	952953
953132	953425
954063	954686
958202	959443
959440	961158
961145	961939
961966	962832
962959	963948
963933	965366
965487	965666
969552	970427
971922	973016
973016	976129
976370	976687
977995	978468
979622	980056
980654	981397
981761	982384
982384	984264
984267	985334
985738	986364
987033	987275
987286	987708
987829	988524
988664	989875
989878	991974
991988	993025
993033	993662
994206	997808
1000257	1000370
1000522	1001331
1001328	1001816
1002324	1004498
1005903	1007312
1010478	1011809
1011931	1013280
1013325	1014434
1014484	1015626
1015623	1016540
1016537	1017379
1017410	1017964
1019959	1020699
1020925	1021659
1022262	1023881
1024233	1024652
1024830	1027148
1027460	1028218
1031961	1032311
1032385	1033782
1033782	1034174
1034227	1034817
1034842	1035723
1035799	1036338
1036897	1038186
1044009	1045217
1045210	1045917
1045920	1047164
1047835	1050093
1050125	1051873
1051877	1052884
1052865	1053044
1053044	1053802
1067283	1068734
1068967	1069737
1069822	1070592
1070674	1071414
1071418	1072098
1074270	1074698
1074701	1075396
1079791	1080789
1080963	1081625
1082713	1084938
1086041	1086361
1086410	1088680
1090594	1091070
1091232	1092512
1093265	1095892
1096796	1098013
1098003	1099475
1099582	1100385
1103989	1104183
1105285	1105995
1106992	1107783
1107786	1109123
1109104	1109829
1109826	1114295
1115577	1117067
1117208	1117327
1117327	1118967
1125960	1127738
1127847	1128368
1128379	1129050
1129140	1130144
1130607	1132193
1132211	1133347
1133360	1133467
1133460	1133762
1133935	1134354
1134344	1135042
1135046	1135489
1135503	1136570
1136584	1137936
1137967	1138491
1138507	1139265
1139460	1140521
1140641	1141684
1141684	1142100
1142109	1142678
1142687	1143850
1149107	1151533
1151948	1152397
1152816	1153427
1153424	1154554
1154670	1157060
1158303	1159955
1160046	1160957
1160994	1162148
1162141	1162941
1162961	1163578
1163654	1164577
1165459	1166622
1167096	1168235
1168238	1171396
1171496	1171948
1175099	1176073
1176164	1177357
1178734	1179228
1179381	1182461
1182538	1183164
1183171	1184520
1184614	1185921
1187412	1188464
1188451	1189602
1189602	1190408
1190405	1191088
1191639	1192508
1192712	1193131
1193128	1193853
1193867	1195159
1195161	1195970
1195964	1197220
1197227	1197739
1197699	1198295
1198340	1198828
1202391	1202660
1202777	1204081
1205492	1207093
1211356	1212252
1212258	1213550
1213566	1214606
1214675	1215748
1215785	1216399
1216413	1217150
1217132	1217905
1217902	1218537
1222010	1223392
1223471	1224049
1226435	1227295
1229023	1229202
1229253	1230437
1230463	1232925
1233156	1234895
1236366	1237271
1237347	1237736
1244515	1245186
1245201	1245434
1245427	1245816
1245973	1247007
1247009	1248094
1248091	1251192
1251256	1251825
1255153	1256580
1256789	1257481
1257512	1258444
1268922	1269170
1277137	1277838
1278277	1279479
1279479	1280138
1286124	1286747
1286778	1287380
1288956	1290332
1290526	1291197
1291178	1293631
1293631	1294752
1295105	1296256
1296798	1297424
1297504	1299786
1299965	1301167
1303701	1304942
1311104	1311691
1315231	1316496
1316758	1317852
1317999	1319336
1324315	1324971
1324955	1326190
1331698	1334052
1334339	1334716
1335083	1336756
1343006	1346041
1346121	1346582
1347676	1348500
1348518	1349504
1353947	1354690
1356000	1357928
1358094	1358483
1358605	1358799
1358840	1359193
1359835	1360644
1361024	1362007
1362026	1364428
1364708	1366339
1367386	1367568
1367565	1368560
1369999	1370295
1371505	1372155
1377413	1378699
1378846	1379691
1379804	1380847
1380937	1381260
1385653	1385886
1385933	1386481
1386694	1387467
1387464	1388195
1388196	1388777
1388953	1389573
1389705	1390388
1390746	1391183
1391237	1391914
1392291	1392749
1392791	1392976
1393096	1394310
1394749	1395318
1395290	1397266
1397266	1397787
1397787	1399340
1399312	1401282
1401343	1401534
1401527	1401805
1401802	1402434
1402424	1402870
1402873	1403373
1403379	1403819
1403885	1404169
1404150	1406381
1406381	1406977
1406974	1407525
1407529	1412517
1412524	1414218
1414215	1414841
1414987	1416303
1416992	1417177
1417349	1417858
1418855	1419583
1419933	1420550
1420740	1421213
1423950	1424561
1424580	1425623
1425623	1426423
1426420	1426953
1426965	1427582
1427669	1429474
1429784	1430812
1430907	1431920
1431910	1432674
1435454	1436323
1436711	1437226
1437213	1438337
1438539	1438796
1439686	1440468
1441149	1441592
1441709	1441864
1442337	1442597
1442674	1443462
1443820	1444611
1444708	1445187
1445221	1445865
1447984	1449066
1451471	1452544
1452537	1453667
1453677	1454714
1454729	1455397
1455541	1456203
1456370	1456708
1457689	1457838
1458384	1459109
1459127	1460896
1460903	1462222
1463038	1464234
1465296	1465586
1468213	1468545
1469897	1470829
1470954	1471931
1472074	1472727
1472768	1473643
1473959	1475458
1476457	1477413
1477438	1478424
1482602	1483987
1484001	1485419
1485505	1486809
1491064	1491681
1496709	1497650
1506132	1507025
1507303	1508685
1508768	1510345
1512696	1512992
1533274	1533633
1536504	1537943
1538054	1539235
1539235	1540803
1540803	1542032
1542057	1543310
1543300	1544169
1544191	1544775
1544778	1545305
1545879	1547564
1547566	1548555
1548548	1549411
1549422	1550222
1550219	1551154
1551166	1552179
1552272	1553630
1555037	1555645
1560295	1561569
1561722	1563386
1563389	1564474
1564471	1565307
1565304	1565999
1566004	1566861
1566966	1567268
1567277	1567582
1567642	1569348
1569377	1569865
1569865	1570527
1570530	1571171
1571183	1571713
1572090	1573508
1573512	1574849
1574836	1575309
1577335	1577937
1578325	1579530
1579776	1580891
1580994	1581212
1586786	1586980
1592981	1593511
1596793	1597305
1598190	1602161
1602342	1602824
1603054	1603569
1603908	1605491
1605612	1606001
1606160	1607002
1609785	1610396
1611916	1612950
1612950	1613912
1614071	1614415
1615100	1617106
1617419	1617799
1618774	1619568
1619744	1620652
1620841	1621326
1626773	1628224
1628214	1630256
1630398	1631990
1633468	1633935
1633925	1634539
1634844	1636505
1636515	1637141
1637215	1637415
1637426	1640281
1640293	1640901
1640916	1641968
1641952	1642368
1642664	1643278
1644254	1645672
1645987	1647207
1647584	1648306
1653912	1654712
1654970	1655629
1655822	1656715
1666086	1666442
1666556	1667737
1667727	1669457
1670916	1671035
1676954	1678594
1678665	1679183
1700562	1702358
1702386	1703633
1703626	1706274
1706417	1707853
1709191	1710543
1711480	1712532
1712561	1713043
1714495	1715523
1715750	1716955
1716957	1718054
1718078	1718827
1719080	1719742
1720561	1720890
1721441	1722634
1732954	1734270
1734273	1734893
1735031	1735384
1735572	1737533
1739138	1739947
1740788	1741348
1747221	1748177
1748640	1750796
1763126	1764097
1764345	1764839
1764859	1766385
1766529	1767299
1770322	1772079
1772787	1772990
1777280	1778224
1778345	1780480
1783347	1783574
1783707	1785122
1785126	1786106
1786128	1787294
1787291	1788442
1793055	1794242
1794247	1795326
1795319	1796326
1796569	1797180
1797188	1798723
1798734	1799417
1799426	1800220
1800235	1800870
1800874	1801530
1801520	1802932
1803133	1805073
1805344	1805727
1810423	1811394
1812899	1814272
1814571	1815584
1815572	1816333
1816479	1817480
1818380	1819861
1820053	1821015
1826621	1827562
1827712	1828434
1828601	1831765
1831777	1832253
1832255	1833346
1845700	1847043
1847062	1848537
1848928	1849482
1849924	1851639
1851930	1852130
1857427	1858335
1867882	1868436
1868741	1868860
1869058	1869297
1871474	1874140
1874218	1874880
1874921	1876060
1882410	1883789
1886204	1887226
1887384	1888859
1889009	1889914
1891243	1892181
1892521	1894428
1894878	1897574
1898143	1900074
1900501	1902408
1902520	1903260
1903607	1904449
1904639	1905289
1907595	1907915
1907944	1908774
1908771	1910864
1910864	1911559
1911568	1912368
1912381	1914693
1914717	1916177
1916158	1917213
1917351	1918556
1918549	1919730
1919756	1921183
1921210	1922565
1922653	1923366
1923377	1924492
1924489	1925919
1926057	1927148
1927145	1928347
1928344	1928982
1939936	1941072
1951918	1952292
1952485	1952862
1952980	1953612
1958202	1959002
1959032	1959895
1960149	1960538
1960861	1961253
1961294	1962112
1962163	1962540
1962747	1963004
1963004	1963219
1963323	1963553
1963553	1964788
1973596	1973715
1973872	1975242
1975439	1976038
1976404	1977657
1977756	1979117
1980109	1981527
1983475	1983735
1984428	1985618
1986535	1988424
1988433	1989152
1993270	1993767
2000195	2000875
2013799	2014506
2014997	2017279
2017372	2018505
2018505	2018786
2021093	2021719
2023382	2024284
2024497	2025009
2035651	2038014
2038988	2039554
2039557	2039877
2039891	2040019
2041307	2042017
2043730	2043855
2044031	2045593
2045600	2046190
2046210	2047208
2047222	2048661
2048702	2049892
2049892	2050698
2050972	2051664
2053853	2055115
2055534	2058071
2058161	2058403
2058478	2059098
2059301	2059696
2059811	2060107
2060111	2060497
2063160	2064071
2067642	2069978
2070167	2070844
2070841	2072121
2072239	2073135
2074808	2075872
2075881	2076906
2077270	2077803
2085649	2087106
2087106	2088050
2088047	2091394
2091497	2094070
2094067	2094948
2097611	2098378
2098375	2099505
2099523	2102615
2102745	2103356
2103365	2104417
2104703	2106022
2106015	2107661
2107661	2108230
2112995	2113234
2122787	2123533
2123664	2124356
2124364	2125767
2125774	2128848
2130524	2131966
2133447	2134037
2134505	2135971
2135968	2136063
2152073	2152654
2154296	2157379
2157703	2159262
2160070	2160675
2165077	2167152
2167367	2168173
2169735	2171321
2171404	2171940
2172797	2173765
2181439	2182635
2182773	2184917
2196891	2197787
2202914	2203492
2203496	2204092
2204101	2206821
2206821	2207867
2207875	2208507
2208504	2209196
2209272	2209913
2209946	2210362
2210504	2210938
2212218	2212868
2212890	2214215
2215626	2216210
2216365	2216868
2217051	2217734
2221293	2221931
2221967	2222839
2224420	2225853
2229794	2230021
2230044	2231852
2235588	2236550
2236547	2237515
2237515	2238279
2239004	2240281
2240462	2241268
2241357	2242301
2242294	2243046
2244153	2244842
2249988	2251838
2251932	2252963
2253418	2254239
2255096	2256091
2256228	2257112
2257319	2258143
2258238	2259185
2259428	2259787
2259946	2261523
2264254	2264502
2264627	2264875
2265055	2265753
2272081	2272956
2285988	2287910
2291036	2291221
2291352	2293175
2294909	2296927
2298861	2299484
2301815	2302345
2303266	2306043
2306168	2306416
2310653	2311228
2311221	2311949
2312255	2313517
2313826	2315121
2363570	2363926
2364942	2365292
2365311	2366447
2366480	2367181
2367178	2367381
2369804	2370346
2370363	2370833
2372574	2374025
2374042	2374392
2374393	2374962
2374985	2375425
2377149	2378402
2379305	2380345
2380521	2381168
2383081	2385525
2385710	2387473
2389606	2390070
2390860	2391618
2391871	2393451
2393448	2394134
2417310	2418188
2418288	2420912
2421054	2421437
2422697	2423734
2423748	2424047
2425538	2425831
2425828	2426271
2428685	2429395
2429507	2431222
2431419	2431625
2431625	2431816
2434897	2436822
2446691	2447845
2447888	2448457
2448457	2449002
2449071	2450423
2454056	2454874
2454984	2455874
2455871	2456470
2456470	2457681
2462258	2463595
2473517	2475349
2476428	2477414
2477543	2477839
2478168	2479922
2480385	2481416
2484722	2485573
2485633	2487150
2487330	2488124
2488300	2489859
2490002	2490949
2492404	2492955
2494045	2495043
2495577	2496680
2497719	2498861
2499218	2500942
2500953	2502128
2502329	2503057
2505078	2506019
2519210	2519938
2520084	2521781
2522144	2523070
2526960	2529308
2530445	2531050
2543059	2545098
2545217	2546230
2546239	2547129
2565045	2565341
2566427	2567446
2567641	2569062
2571599	2572915
2577943	2579238
2579578	2580663
2580740	2581765
2581992	2585378
2586254	2587936
2588108	2589094
2589097	2590122
2590125	2591108
2591157	2592152
2592215	2593936
2593941	2594837
2594840	2596759
2596843	2599251
2599373	2600785
2607226	2608356
2608459	2609724
2609742	2610875
2621175	2621903
2622028	2622474
2622551	2623414
2623521	2624879
2624876	2625361
2625386	2626180
2626192	2627094
2631111	2631779
2632716	2633330
2641583	2642470
2642737	2643195
2643196	2644881
2644912	2646135
2646203	2647072
2647073	2647687
2647714	2648454
2648528	2648722
2652873	2653667
2653786	2655063
2667647	2667793
2674647	2677208
2691871	2694669
2704699	2706321
2707190	2708158
2708151	2708624
2709258	2709464
2712809	2713117
2713315	2713908
2713967	2714623
2714897	2716129
2718169	2718798
2720048	2720191
2726262	2727416
2727892	2728689
2728755	2729252
2729384	2730079
2730219	2730950
2730965	2731915
2732289	2732858
2732900	2733325
2735597	2736310
2736433	2737251
2737304	2737861
2737861	2738151
2738226	2738657
2738791	2739393
2739405	2740586
2743637	2744713
2744733	2745005
2745098	2746240
2747401	2749026
2758599	2759273
2762203	2763471
2763664	2764143
2766551	2768059
2768162	2768611
2768771	2771629
2771835	2772239
2772285	2772779
2774722	2775945
2776096	2777100
2777374	2778303
2778319	2778780
2778911	2779300
2785258	2786223
2786263	2787234
2787312	2787875
2787856	2788350
2788352	2789077
2789128	2790600
2790624	2790911
2790914	2791360
2791376	2792239
2792242	2792517
2792762	2794117
2795650	2796177
2798387	2799652
2803218	2804594
2835377	2836021
2836201	2837073
2837222	2840044
2840106	2841890
2843568	2844920
2848857	2850215
2870275	2870733
2870749	2871210
2873259	2873678
2876547	2877311
2888701	2891268
2892399	2893127
2898728	2899864
2900142	2902775
2903217	2903756
2908802	2909122
2919257	2920243
2920240	2920467
2925038	2926957
2926954	2927442
2927611	2928618
2928706	2928918
2929056	2929925
2930166	2930798
2943102	2944286
2946714	2946899
2956455	2957582
2960315	2961379
2961496	2962353
2962532	2963947
2964112	2964999
2967158	2967592
2967799	2968269
2968480	2969517
2969590	2970411
2970459	2971589
2975208	2977013
2977013	2977759
2977756	2978139
2978151	2978528
2980894	2981916
2982022	2982516
2983666	2984961
2985107	2985670
2989332	2990717
2993786	2994475
2994475	2995872
2996067	2996546
2997536	2998987
2999160	3000467
3000629	3002449
3002643	3003272
3005407	3005670
3005683	3007410
3007516	3007998
3008163	3009548
3014600	3016426
3016457	3017086
3017380	3019329
3019634	3020083
3020144	3020602
3020617	3021960
3022091	3022978
3023118	3024086
3024110	3024406
3025025	3025771
3025960	3026574
3026647	3027114
3027132	3027977
3027982	3030939
3031150	3031683
3045477	3047069
3047288	3048577
3049911	3051038
3051766	3052689
3052697	3053269
3055787	3056272
3070620	3071543
3073629	3074066
3074162	3075502
3087420	3087875
3091716	3092822
3094192	3095592
3099018	3101444
3103048	3103458
3109300	3109899
3109925	3110191
3112769	3113098
3119770	3120771
3121052	3121888
3122455	3124005
3124005	3124601
3129389	3129703
3132647	3133585
3133588	3134316
3134334	3135545
3135545	3136726
3137480	3137968
3138087	3138455
3150351	3151664
3151683	3153176
3156604	3157518
3157592	3158389
3158481	3159140
3159250	3161016
3164152	3164412
3164498	3165370
3165367	3166122
3166133	3166588
3168292	3169233
3169422	3171212
3186423	3186971
3189920	3190405
3190410	3191543
3195064	3195582
3195617	3196564
3196647	3197930
3197994	3199370
3199380	3200825
3200851	3201444
3203307	3203474
3203585	3203851
3204131	3205552
3205589	3206593
3206627	3207229
3208391	3209347
3211370	3213016
3213028	3213312
3213480	3215321
3215324	3216871
3217975	3219174
3220132	3220875
