3483	4352
4648	5487
5592	7502
7528	8997
26224	27768
27951	28745
33318	34658
34693	36210
36316	37572
39642	40901
41063	42508
42619	43494
43505	45001
47738	48466
49215	50879
51313	52077
52612	52914
54495	54935
58113	58631
64744	65163
65187	66692
66689	67672
67752	68630
68820	69743
69756	70763
70975	71202
76120	78189
79960	82911
86850	88367
88470	89762
89772	90755
90767	91729
91730	92272
92265	93347
93340	95070
95067	96371
96422	96847
96957	97862
101439	101795
107700	108248
108422	110512
112141	115821
115826	116959
116963	117574
117571	118938
119119	120006
120965	121345
123861	124583
124647	125033
126186	126641
126651	127199
128942	130516
130513	131205
131907	133454
133642	135813
136012	136287
136402	136827
136871	137260
137373	137624
140974	142359
142356	142985
142985	143923
144019	145584
145625	146359
146723	147538
147911	148702
148715	149383
149396	150046
150033	150761
151466	153058
153058	153996
153993	154802
154777	156162
159080	160834
161072	161335
161500	162933
162979	163653
163828	164388
165130	166125
166363	167496
167506	170562
170881	171459
171500	172195
172198	172764
173387	174238
175394	175879
175883	177181
177194	178219
178279	179376
179474	179659
179671	181131
181103	181456
182155	182676
186173	187834
187844	189298
189816	190718
191107	192813
194845	195099
198572	198757
199539	200333
206484	209048
209062	209385
209573	210421
210595	211365
211922	212410
214252	215001
215411	215785
217779	218873
225884	228208
230441	230749
230822	231241
231252	231707
231737	235045
235042	236097
237332	239452
239533	240003
241650	242504
242662	243849
243862	244536
245385	246836
246896	247657
247660	248346
248346	249455
250417	251376
252993	253349
253424	253705
254144	255700
255710	257086
257243	258697
258672	259340
259347	260228
260288	261415
261458	261622
262490	262882
264169	264321
267751	270384
275264	276019
276019	276702
276699	277634
282688	283185
283268	284467
284657	286579
286703	288358
290196	290792
293977	294765
296287	297528
297550	299958
300255	300812
304983	306617
308620	310071
311885	312517
312698	313486
316042	317472
317683	317910
319731	320204
320335	321639
321861	323609
323969	325183
329794	330942
331236	331895
332027	332761
332761	333558
333568	334386
334463	335383
336162	337115
338491	339624
339634	340608
340628	342361
347862	348587
351102	352397
352434	352814
352927	355791
356156	356659
356690	357037
357063	357254
358684	359259
359261	359671
362950	363948
364385	365164
367043	368296
369824	370111
371612	372073
372163	372636
375849	376943
376936	377919
377916	379064
379267	380928
381022	383850
385050	386093
386104	386577
388602	390338
390335	392341
392355	393668
393665	393910
393972	396386
400720	403437
404355	406145
406269	406691
406813	406998
407357	408868
416341	417420
418496	418987
420900	421814
423580	424542
424550	425479
425609	426562
429473	430354
438986	439876
439912	440442
447861	450035
454223	455131
455139	456470
457329	458372
465868	466758
480369	480758
480786	481955
481981	483585
483643	484488
484485	485387
490269	491807
508389	510389
511046	511873
513112	514392
514503	515621
524041	524712
533338	534810
537178	537906
537983	539092
539147	539542
539845	540492
540661	541890
542390	543853
544173	545063
548108	548593
566445	567314
567332	568192
569014	569694
569672	571057
575744	576538
581248	581382
593595	593807
593820	594683
594696	596054
596129	597031
597044	598225
598348	599490
603387	604175
614782	615774
615767	617488
622798	623739
630264	631175
636741	637787
648655	649914
656799	657731
658816	659160
662419	663381
676104	676973
693765	694919
696054	697508
699387	700121
700128	700970
704529	704777
704948	706171
706582	706890
707459	709228
710641	712614
713590	714468
714644	715534
716764	717414
717745	718893
719039	720115
720182	720805
729699	729908
729998	730543
730530	731072
731183	731542
732346	732486
732525	733157
733171	733644
736936	737172
741792	743486
744436	745263
745347	746060
746057	746368
747331	748302
748881	749495
750499	751386
751629	753449
755945	756277
756494	757165
757715	759079
759505	761376
764317	764646
764712	765458
767702	768109
768187	769242
769350	770141
770473	771420
771425	772351
772348	773448
779145	780536
780539	782254
782257	785397
785462	786028
787647	788498
788799	789857
790344	790883
792687	793112
793402	794019
794016	795971
796738	799185
799442	800446
803911	805035
809989	811005
811066	811692
811682	813007
814602	814781
814910	817000
819214	820218
820218	821192
821203	822060
826745	827947
828371	829297
829891	830004
830279	831910
834071	834985
836702	837001
837147	837746
839111	839719
841071	841901
843993	844157
844316	845344
846524	847453
847672	848286
852091	853851
856861	857790
860152	861060
861413	862981
863121	863543
866141	867172
870063	871037
871099	871668
871665	872969
872986	873510
893798	894910
894947	897376
897533	898018
898169	898423
903268	904386
904848	906248
906259	907473
907486	908019
908035	910215
910193	911011
911012	912058
912036	913274
913271	914104
914101	915132
915142	916449
916452	916841
916959	917285
917319	917918
918063	919097
919112	919729
921499	922149
922428	922880
929205	930941
934219	936315
936368	937153
937144	938073
938070	940037
947236	948192
948208	949134
949163	949639
949632	950636
950629	952509
952514	954160
958134	959777
961753	961998
966532	967242
967304	968773
968921	970405
970389	971972
972376	972753
972753	973886
974113	974661
978055	978555
979964	980707
983379	983876
987370	989061
989361	990503
991192	992295
993421	993858
994709	994909
1002917	1003438
1007479	1008408
1008401	1008784
1010886	1011941
1012672	1013529
1013945	1016125
1016136	1017773
1017773	1017976
1017989	1018876
1018898	1019584
1019577	1020725
1020935	1021600
1022664	1023116
1024953	1026248
1027182	1028162
1030143	1030865
1031138	1032406
1032827	1034131
1048233	1050941
1051536	1052417
1052563	1052988
1052998	1053615
1053813	1054115
1054396	1055472
1055829	1057049
1059959	1063939
1069252	1071234
1072712	1074151
1074409	1075053
1075050	1076261
1079636	1080556
1080646	1081602
1081595	1082545
1082557	1083318
1083441	1084052
1087539	1088999
1089067	1090281
1090530	1090877
1093854	1094168
1095208	1095855
1098873	1099787
1100051	1101250
1102401	1102787
1102837	1104288
1105847	1105990
1110823	1111656
1111814	1112272
1113050	1114594
1114606	1114827
1114837	1115247
1115328	1115612
1115799	1115918
1122642	1123739
1137089	1139797
1152571	1154067
1154064	1155530
1164542	1164673
1164777	1166480
1166473	1167207
1167244	1168773
1169085	1169228
1169210	1170046
1173879	1174124
1178988	1180463
1180657	1181382
1181402	1182178
1182414	1183109
1183106	1185595
1185595	1186704
1186749	1186862
1186870	1187769
1188383	1188841
1189121	1189678
1189838	1191406
1191721	1193292
1195485	1196192
1205544	1206263
1207161	1209095
1209088	1210314
1210484	1211875
1212001	1212684
1212690	1214603
1214618	1216732
1217184	1217774
1219647	1220357
1228115	1230085
1232989	1233186
1233579	1233788
1233927	1234643
1234863	1235531
1235541	1236239
1236227	1237495
1237488	1238261
1238281	1239588
1239589	1240611
1240634	1241425
1242987	1244174
1246506	1247372
1248626	1248877
1249533	1250426
1252473	1253840
1253837	1254319
1255384	1255779
1257489	1257608
1258901	1259491
1259622	1260479
1263649	1263933
1264025	1264309
1265901	1267241
1275065	1275868
1281807	1282676
1283844	1284605
1284627	1285184
1285244	1285879
1285956	1286885
1286897	1287520
1289303	1289743
1291114	1291755
1292345	1293478
1298643	1299785
1299948	1301297
1301314	1302444
1303818	1304906
1304929	1307376
1314370	1315755
1315755	1317098
1317943	1318467
1324876	1325649
1325740	1326771
1328606	1329088
1330147	1331100
1331256	1331921
1331921	1333294
1333503	1335584
1335658	1336425
1336426	1337793
1337793	1338347
1338344	1338748
1338748	1339368
1339365	1340537
1341071	1342054
1349409	1350176
1353757	1355793
1358559	1358705
1359212	1360456
1361773	1362981
1364888	1366312
1368388	1368966
1370267	1371811
1371811	1372518
1374012	1374410
1374525	1375079
1375221	1375580
1376476	1377660
1377703	1378572
1378569	1381052
1381052	1382329
1384303	1384977
1385016	1385555
1386379	1387551
1387553	1389502
1389504	1390892
1392682	1394715
1394725	1395072
1398816	1399823
1399937	1400347
1400450	1401568
1401576	1403300
1403310	1404014
1404082	1404984
1405179	1406579
1406693	1407817
1408263	1409228
1409380	1410249
1411824	1412744
1414111	1414629
1418244	1420052
1420263	1421282
1421472	1421735
1421928	1422329
1422564	1424243
1424254	1424709
1425456	1425746
1425779	1427377
1428179	1429042
1429131	1429493
1430707	1432119
1432112	1432990
1433002	1434405
1437181	1438491
1438683	1439042
1439267	1439785
1440850	1441734
1442786	1443076
1443073	1443573
1443575	1443784
1443966	1444160
1446919	1448307
1449696	1450127
1451624	1452094
1454367	1455524
1455537	1458695
1458997	1459263
1459340	1459564
1465422	1466162
1475299	1476333
1482375	1483208
1484704	1485570
1488995	1491313
1491323	1491961
1493464	1494345
1495006	1495923
1495920	1496513
1500610	1500813
1502026	1503114
1503129	1503902
1504063	1504467
1513698	1514339
1515280	1515579
1518240	1519733
1519748	1521760
1530075	1530932
1534905	1536347
1537549	1538310
1538352	1538864
1538869	1539927
1541131	1544010
1545859	1546287
1550129	1550368
1551376	1552095
1552342	1553199
1554012	1555340
1558719	1559567
1560735	1561652
1561656	1562072
1566474	1566590
1567044	1567472
1567547	1568146
1578632	1580062
1581509	1581964
1582006	1582920
1583015	1583629
1586479	1587462
1589877	1590095
1590253	1590897
1590897	1591211
1591507	1592334
1592358	1592603
1592603	1595176
1595351	1595806
1595840	1596898
1596911	1597948
1599945	1600400
1601510	1602178
1602313	1602792
1602962	1604800
1604803	1605705
1607199	1607939
1607957	1609165
1609211	1609558
1609625	1611394
1616457	1618193
1618198	1618812
1619292	1620155
1620259	1621491
1622421	1623548
1623557	1626709
1629145	1629747
1631298	1632350
1632673	1634241
1637819	1638820
1639534	1640463
1640572	1642467
1646167	1646820
1650061	1650642
1651150	1652058
1652099	1653679
1654092	1655135
1656701	1657618
1657767	1658054
1658130	1658768
1658913	1659743
1659872	1661005
1661318	1662445
1662711	1663625
1663696	1664640
1664747	1665364
1665382	1666281
1672191	1673309
1673328	1673618
1673679	1674620
1674721	1676097
1676094	1676585
1676606	1677637
1677634	1678413
1678528	1679850
1681066	1682295
1682338	1683750
1685133	1686179
1686509	1687963
1688031	1688168
1688498	1689472
1689445	1690110
1692552	1693481
1696307	1697248
1697262	1699166
1708115	1709116
1709174	1709665
1709675	1710940
1710953	1711879
1711966	1713789
1715448	1716551
1716563	1717240
1717233	1718291
1718308	1719186
1719188	1719541
1719544	1720383
1723955	1724851
1729853	1730752
1735090	1735656
1735937	1737589
1737589	1738971
1738996	1739682
1739675	1741000
1741013	1753807
1757051	1759102
1759295	1760224
1760265	1760552
1760563	1761321
1761331	1761837
1761852	1762907
1762916	1763704
1763708	1764496
1764500	1766008
1766005	1766484
1766485	1767687
1767759	1769060
1769201	1770124
1770151	1770744
1771219	1771605
1771617	1772381
1772684	1772968
1772961	1773467
1773736	1774212
1774393	1775022
1775093	1775845
1776224	1776730
1776743	1777021
1778048	1778992
1780824	1781663
1782725	1783624
1783649	1784905
1784917	1785564
1785564	1786340
1786498	1787952
1788130	1790220
1793067	1793870
1793848	1794426
1797196	1798308
1798535	1799443
1799632	1800003
1800201	1803410
1805319	1806956
1807198	1807998
1807998	1809950
1809950	1810843
1810855	1811922
1812233	1813477
1813557	1814378
1814388	1815590
1815691	1816293
1820081	1820941
1821087	1822130
1823352	1824134
1824197	1824913
1824924	1825643
1825726	1826748
1828280	1828987
1831600	1832022
1832038	1833939
1841397	1842575
1842646	1844139
1844224	1845378
1845427	1846203
1846213	1847361
1847408	1848304
1848314	1849072
1849698	1850297
1850316	1851776
1851796	1853496
1853543	1854481
1854574	1855416
1855419	1856603
1862278	1862745
1862925	1863935
1863961	1864803
1873366	1875855
1876092	1876973
1877029	1878495
1878583	1880154
1880280	1880498
1880512	1881201
1881194	1881493
1881643	1883061
1883063	1884433
1884430	1884909
1884932	1885222
1885477	1886367
1886357	1887589
1887600	1888742
1888769	1889062
1889067	1889519
1889530	1890366
1890371	1891120
1891144	1891812
1891823	1892956
1893079	1893255
1895124	1897694
1898905	1899825
1903772	1904413
1904690	1905901
1912909	1913484
1913498	1914025
1914035	1915612
1915609	1916604
1916607	1917215
1917208	1917888
1917891	1918157
1918294	1918830
1919254	1919823
1919890	1920153
1920525	1920758
1920731	1920874
