21	21	22	26	25	24	24	23	23	24	25	26	25	24	23	25	27	27	32	32	33	33	32	31	31	32	34	35	35	39	42	42	42	43	43	43	39	38	41	40
0	0	0	0	0	0	0	0	0	0	0	0	0	0	0	0	0	0	1	1	1	2	2	2	2	2	2	2	2	2	2	2	2	2	2	2	2	3	3	3
0	0	0	0	0	2	2	2	2	2	2	2	2	3	4	4	4	4	6	6	6	6	6	7	7	7	6	6	6	6	6	6	7	7	7	6	6	6	5	6
3	3	3	3	3	2	2	2	2	2	2	2	2	2	2	2	4	4	4	4	4	5	5	5	5	4	4	4	5	5	6	8	8	9	11	11	11	11	11	11
2	2	2	2	2	2	2	2	3	3	3	3	3	3	3	3	6	7	8	8	8	8	8	8	8	8	8	8	8	8	9	9	10	10	10	10	10	10	10	10
1	1	1	1	1	1	1	1	1	1	1	1	0	2	2	2	2	3	4	4	5	6	6	6	6	6	6	6	6	7	7	8	10	10	10	10	10	9	9	9
2	2	2	2	2	2	2	3	3	3	3	3	4	4	4	4	4	4	6	6	5	6	6	6	6	6	5	5	6	6	6	6	6	6	6	6	6	5	5	6
0	0	0	0	0	0	0	0	0	0	1	1	1	1	1	1	1	1	3	3	3	3	3	3	3	3	3	3	3	2	2	2	2	2	2	2	2	2	2	2
1	1	1	1	1	1	2	2	2	2	2	2	2	2	2	4	5	8	10	10	10	11	10	10	10	10	10	10	10	9	11	11	11	11	11	11	11	11	10	11
5	6	7	7	7	7	7	7	7	6	6	6	7	7	7	8	8	8	9	9	9	9	9	10	10	10	10	10	10	10	10	12	15	15	15	14	16	16	16	16
5	6	6	8	8	9	7	7	7	6	6	7	7	7	7	7	8	9	12	13	14	15	16	15	14	12	13	15	16	16	15	15	16	16	17	17	16	16	16	15
4	4	5	3	5	6	6	9	9	10	12	13	13	13	15	17	17	17	18	18	16	17	16	16	15	15	16	16	17	18	17	18	19	16	16	16	15	16	14	13
0	0	0	0	0	0	0	0	0	0	1	1	2	2	2	2	2	2	5	5	5	5	5	5	5	5	5	5	5	5	5	5	5	5	3	4	4	4	4	4
0	0	0	0	0	0	0	0	0	0	0	0	0	0	0	0	0	0	1	2	2	3	3	3	3	3	3	3	3	3	3	3	3	3	3	3	3	3	3	3
1	1	1	1	1	1	1	1	1	0	0	0	0	0	0	0	0	1	1	1	2	2	2	2	2	4	4	4	6	7	7	7	7	8	9	9	9	9	9	9
1	1	1	1	1	1	1	1	1	1	1	3	3	3	3	3	5	5	6	6	6	6	6	6	6	6	6	6	6	6	7	8	9	9	10	10	10	9	7	7
2	2	2	2	2	3	3	2	2	2	2	2	2	2	2	4	4	4	6	6	6	8	8	9	9	8	8	8	8	8	8	8	8	8	8	8	8	7	7	6
4	4	4	4	5	5	5	5	5	5	5	5	5	4	4	5	7	7	9	8	9	9	9	8	8	8	8	8	9	9	9	11	11	12	11	11	11	10	10	10
1	1	1	1	1	2	2	2	2	2	2	2	3	3	3	3	3	3	5	5	5	5	6	6	6	6	6	8	9	9	9	7	7	7	7	7	6	6	6	6
0	0	0	0	0	0	0	0	0	0	0	0	0	0	0	0	0	0	2	2	2	2	2	2	2	2	2	3	3	3	3	3	5	6	6	6	6	6	6	6
1	1	1	2	2	2	2	2	2	2	2	2	2	1	1	1	1	1	2	2	3	3	3	3	3	2	3	3	3	3	3	3	4	4	6	6	6	6	6	6
1	1	1	0	0	0	0	1	1	1	1	1	1	1	1	1	2	2	2	2	3	4	4	4	4	5	5	5	5	4	4	4	4	4	4	5	5	6	6	6
3	3	3	3	5	5	6	6	6	6	6	7	5	4	4	4	6	6	7	7	8	8	7	6	6	7	7	7	8	8	8	7	7	7	8	10	10	9	11	11
21	21	22	21	22	21	22	24	24	24	24	24	24	26	25	25	28	35	34	31	31	33	34	39	38	38	37	40	42	42	43	42	43	42	43	44	45	45	46	47
20	21	25	24	29	29	30	31	33	34	34	37	37	35	35	35	36	40	43	45	47	47	45	47	48	51	52	50	51	54	53	51	53	53	54	56	54	56	51	51
8	9	9	9	9	9	9	8	8	9	10	11	14	16	18	20	19	20	22	21	22	25	25	23	23	23	23	24	24	25	25	25	29	30	30	31	31	31	29	28
0	0	0	0	0	10	12	14	14	17	18	19	20	20	20	20	20	20	20	21	22	24	24	23	22	21	18	18	18	19	17	15	15	15	15	13	13	13	13	13
1	1	1	1	1	1	2	2	3	4	4	4	6	8	7	7	7	7	10	10	10	11	12	12	12	12	12	12	12	12	11	11	11	12	12	11	11	10	10	10
3	3	3	3	3	3	3	2	2	2	2	3	3	4	4	4	6	7	8	8	8	8	8	8	7	7	7	9	9	10	10	11	13	13	13	13	13	13	11	11
3	3	2	4	4	4	4	6	7	7	7	7	7	7	7	8	8	8	9	9	8	9	9	9	8	8	8	8	8	8	9	8	10	10	10	11	11	11	11	11
14	14	15	15	17	18	19	20	21	21	21	21	21	21	21	21	19	19	22	22	20	20	20	20	19	19	19	17	17	20	21	21	23	24	28	29	29	31	32	33
4	4	4	4	4	4	4	4	4	4	5	6	6	5	5	5	5	5	5	4	4	6	6	6	6	6	6	8	7	8	8	8	8	8	8	9	9	10	10	11
3	3	3	3	3	3	3	3	2	1	1	1	1	1	1	1	2	2	3	3	3	4	4	4	4	4	4	5	5	6	7	6	6	6	7	7	7	7	8	8
1	1	1	3	4	4	4	4	4	4	7	7	7	7	6	6	6	6	8	8	8	8	8	7	6	6	7	6	8	9	9	9	9	8	8	8	8	8	8	7
20	20	22	24	34	40	39	40	39	38	39	39	40	40	42	52	57	56	59	59	64	63	71	72	74	75	73	70	73	79	79	79	79	79	78	78	78	77	76	75
0	0	0	0	0	0	0	0	0	0	0	0	0	0	0	0	0	1	2	2	2	3	3	3	3	3	3	3	3	3	3	3	3	3	3	3	3	3	3	3
0	0	0	0	0	0	0	0	0	0	1	1	1	1	1	1	1	1	2	2	2	3	3	3	3	3	3	3	3	3	3	3	3	4	3	3	3	3	3	3
0	0	0	0	0	0	0	0	0	0	2	2	2	2	2	2	2	3	3	3	4	5	5	5	5	5	6	6	7	8	7	7	7	7	7	7	7	7	7	7
3	3	3	3	3	4	5	4	4	3	2	2	2	3	3	3	3	3	5	5	5	6	6	6	6	6	6	6	8	8	8	8	8	8	8	8	8	7	7	7
0	0	0	0	0	0	0	0	0	0	0	0	0	0	0	0	0	0	4	4	5	5	5	5	5	5	6	6	6	6	6	6	6	7	7	7	7	7	6	5
2	2	2	2	2	3	3	2	2	2	2	3	3	3	3	4	4	5	7	7	8	8	8	8	8	8	8	8	8	8	8	7	8	8	8	8	9	9	9	8
5	4	4	4	5	5	5	5	5	5	6	6	7	9	9	15	15	18	20	20	21	22	22	22	22	23	23	24	25	25	26	27	27	26	26	25	24	24	22	19
0	0	0	0	0	0	0	0	0	0	0	0	0	0	0	0	0	0	1	1	1	2	2	2	2	2	2	2	2	2	2	2	2	2	2	2	3	3	3	3
6	6	6	7	8	8	10	10	10	10	10	11	10	9	11	11	10	11	13	14	14	15	14	15	13	15	15	15	15	15	15	15	15	15	15	15	13	14	14	13
8	7	9	10	10	9	8	12	16	17	19	22	22	24	25	25	25	23	23	24	24	28	28	28	31	33	32	32	32	32	32	31	31	30	29	29	29	29	28	28
2	2	2	2	2	2	3	3	3	4	5	5	5	5	6	9	11	11	11	10	11	11	11	11	11	12	11	11	11	10	9	9	10	10	10	10	9	10	8	8
5	5	5	5	5	4	4	5	4	6	6	6	6	7	7	9	11	11	13	13	12	15	16	16	16	15	15	15	15	15	16	16	16	15	16	16	16	16	16	16
0	0	0	0	0	0	0	0	0	0	0	0	0	0	0	0	0	0	0	0	0	2	2	2	2	2	2	2	2	2	2	2	2	2	2	2	2	2	2	2
7	7	7	6	8	8	8	12	12	13	15	17	17	16	16	17	17	18	18	17	19	19	19	19	19	20	19	17	18	18	16	17	17	18	19	21	21	22	22	22
2	2	2	1	0	0	0	0	1	2	2	2	2	2	2	2	5	6	6	6	6	7	7	7	7	7	7	7	7	7	7	7	7	7	7	7	7	7	8	7
5	5	5	5	5	5	7	7	7	9	9	9	9	9	10	13	13	13	16	16	18	19	18	18	19	18	18	18	18	19	19	20	19	19	19	18	18	16	14	14
2	2	2	2	3	3	3	2	2	2	2	2	2	2	2	3	3	3	3	3	3	5	6	5	4	4	4	4	4	4	4	4	5	5	5	6	6	6	5	6
1	1	1	1	1	1	1	1	1	1	0	0	0	0	0	0	0	2	3	3	3	4	5	5	5	5	5	5	5	5	6	6	6	6	6	6	5	6	6	6
6	6	6	6	6	6	7	7	7	7	8	9	9	8	7	8	8	8	8	8	8	11	9	10	10	10	10	10	10	10	10	12	13	14	15	16	16	16	16	15
2	2	3	3	3	3	3	3	3	3	3	4	3	3	3	3	3	3	4	4	4	4	4	4	2	4	5	5	6	7	7	7	7	8	7	7	7	7	7	7
3	4	4	5	6	6	6	5	5	5	5	5	6	6	6	6	6	7	8	8	8	11	11	11	11	10	11	11	10	9	9	10	10	10	10	10	10	9	9	10
0	0	1	1	1	1	1	2	2	2	2	3	3	3	4	5	5	5	5	5	5	6	6	6	5	5	5	5	6	6	7	7	7	8	9	9	9	8	7	7
3	3	3	3	3	3	3	3	2	2	4	3	4	4	4	4	6	6	10	12	12	12	12	12	13	13	13	13	13	13	13	13	13	13	14	16	15	14	14	14
2	2	2	2	2	2	2	2	1	1	1	0	0	0	1	1	1	1	1	1	1	2	2	2	2	2	2	2	20	20	20	20	20	20	19	19	19	19	19	18
6	7	6	6	5	6	6	6	6	6	6	6	6	7	7	7	7	7	9	9	9	10	10	13	12	11	11	11	11	11	11	10	10	10	8	8	8	9	10	14
1	1	2	3	4	4	4	4	6	6	6	7	6	6	6	7	7	7	10	10	10	11	11	11	11	12	11	11	10	10	11	11	10	10	10	9	9	9	8	8
4	6	9	9	7	7	8	9	9	9	9	9	9	11	12	16	18	19	20	21	23	26	27	27	27	27	26	27	27	27	28	27	26	25	24	24	24	23	23	23
1	1	5	5	5	6	6	6	7	7	7	7	7	7	7	7	7	7	8	8	8	9	10	9	7	6	6	6	5	5	5	5	5	6	6	6	6	6	6	6
2	2	2	2	2	2	2	2	2	2	2	2	1	1	1	1	2	2	2	2	2	1	1	1	1	1	1	1	1	2	2	2	7	7	7	7	7	7	7	7
4	4	4	4	4	4	3	5	5	5	5	5	4	4	5	6	6	6	7	7	7	8	8	8	9	9	9	10	11	12	12	12	12	12	12	12	12	12	12	12
3	4	4	4	4	4	4	3	3	3	3	2	2	2	2	2	2	2	2	2	4	7	7	7	6	6	6	6	6	9	9	9	9	9	9	9	9	10	10	10
7	6	6	6	6	7	8	9	9	10	14	27	30	30	30	32	34	37	40	40	41	43	43	44	44	45	44	44	45	45	41	42	42	43	43	41	39	38	38	37
0	0	0	0	0	2	2	5	5	5	5	5	5	5	5	5	5	6	7	7	7	7	7	7	7	8	7	8	8	8	8	7	7	8	8	8	7	7	7	7
0	0	0	0	0	0	0	0	0	0	0	0	0	0	0	0	0	0	1	1	1	2	2	2	2	2	3	3	3	3	3	3	3	3	3	3	3	3	4	4
2	2	2	2	2	2	2	4	4	4	4	4	4	4	6	6	7	7	7	7	7	8	10	11	11	11	11	11	12	13	12	13	13	13	15	15	14	14	12	12
0	0	0	2	2	2	2	2	2	2	2	3	3	3	3	4	4	5	6	6	6	7	7	10	11	11	10	10	10	10	11	10	10	9	9	8	8	9	9	9
0	0	0	0	0	0	1	1	1	1	1	2	2	2	2	2	2	2	3	3	3	4	4	4	4	4	4	4	4	4	4	4	4	3	3	3	3	3	3	3
3	3	3	3	3	3	3	3	4	4	5	5	5	5	5	5	6	6	9	10	10	9	9	9	9	9	10	8	10	10	10	10	10	10	10	9	8	9	9	9
1	1	1	1	1	1	1	1	2	2	2	2	1	1	1	2	2	3	4	4	4	4	4	6	6	6	6	6	6	6	6	6	6	6	6	6	5	5	5	5
7	7	7	6	6	6	6	8	8	7	7	8	8	11	10	12	13	14	14	14	13	18	19	19	19	19	19	19	19	20	20	21	21	22	21	21	22	22	21	19
0	0	0	0	0	0	0	0	0	0	0	0	0	0	0	0	3	3	3	3	3	3	3	4	5	5	5	6	6	6	6	6	6	6	7	7	7	8	8	8
1	1	1	0	0	0	0	0	0	0	0	0	0	0	0	0	2	2	2	2	2	3	3	4	4	4	4	4	4	4	4	4	4	5	5	5	5	5	5	5
50	49	49	51	51	53	54	57	63	65	69	74	83	89	89	100	99	102	110	108	110	116	121	122	125	126	127	130	131	133	138	144	149	151	151	155	153	147	142	141
0	0	0	0	0	0	0	0	0	0	0	0	0	0	0	0	0	0	0	0	0	0	0	0	0	0	0	0	0	0	0	1	4	4	5	5	5	5	5	5
0	0	0	0	0	0	0	0	0	0	0	0	0	0	0	0	0	0	2	2	2	2	2	2	2	2	2	2	2	2	2	2	2	2	2	2	2	2	2	2
0	0	0	0	0	0	0	0	0	0	0	0	0	0	0	2	3	3	3	3	3	4	4	4	4	4	4	4	4	4	4	4	4	4	4	4	2	2	2	2
331	328	333	336	333	384	505	614	690	724	764	787	802	862	863	884	906	926	964	978	989	1033	1032	1053	1061	1062	1058	1097	1072	1033	1035	1002	1001	988	970	953	942	930	919	904
1	1	1	1	1	1	1	1	1	1	1	0	0	0	0	0	0	0	2	3	3	3	3	3	3	3	3	3	3	3	3	3	4	4	4	4	4	4	4	5
1	1	1	1	1	1	1	3	3	3	3	4	4	4	4	4	4	5	5	5	5	7	7	8	9	9	9	9	9	9	9	10	11	11	11	12	13	13	13	12
7	7	7	6	4	5	8	8	8	8	10	10	11	11	11	12	12	9	12	12	12	13	13	15	15	14	15	15	15	15	15	14	14	14	16	16	16	15	15	17
1	1	1	1	1	1	1	1	1	1	1	4	4	4	4	4	5	5	5	5	6	6	6	7	7	7	7	6	6	5	5	5	6	6	6	6	5	5	4	5
2	2	2	2	2	3	3	3	4	4	4	5	5	5	6	8	8	8	8	7	7	8	9	10	11	11	10	10	10	10	12	12	12	12	12	13	13	13	13	13
1	1	2	2	2	2	2	2	2	4	4	4	4	3	3	3	3	3	4	4	4	5	5	5	5	4	4	3	4	4	3	3	3	3	3	4	5	5	6	6
1	1	1	2	2	2	2	2	1	1	2	2	2	2	2	3	3	3	4	4	4	5	5	5	5	5	5	4	4	4	4	5	5	5	5	5	5	5	5	5
0	0	2	2	2	2	2	2	2	2	3	3	3	3	3	3	3	3	4	3	3	3	3	3	3	3	3	3	3	2	2	1	2	2	3	2	2	2	2	2
2	2	2	2	2	2	2	2	2	3	3	3	3	3	2	2	2	2	3	2	2	2	3	3	3	3	3	3	3	5	6	6	8	8	8	8	9	9	8	8
3	3	3	3	3	3	3	4	4	4	4	4	5	5	4	4	5	5	6	6	5	8	8	7	7	7	7	8	8	8	8	8	8	8	9	8	9	9	9	9
7	7	7	7	6	7	7	7	7	7	9	9	9	9	9	10	16	16	16	17	17	17	16	15	15	15	17	18	20	18	18	18	20	20	20	19	18	20	21	22
3	6	8	8	8	10	10	11	11	11	11	13	13	13	13	13	13	14	14	16	17	19	19	20	19	21	20	21	21	19	19	17	17	17	16	15	14	15	14	14
0	1	1	1	1	1	1	1	2	2	2	2	2	2	2	2	2	2	3	3	3	3	3	3	2	2	2	2	2	2	2	2	2	2	5	5	4	4	4	4
0	0	0	0	0	0	0	0	0	0	0	0	0	1	1	1	2	2	2	3	3	5	5	5	5	5	5	5	5	5	6	6	6	6	6	6	5	5	6	6
0	0	0	0	0	0	0	0	0	0	0	0	0	0	0	0	0	0	2	2	2	2	2	2	2	2	2	2	2	2	2	3	3	3	3	3	3	3	4	4
5	5	5	5	5	6	6	6	6	6	7	7	7	6	6	8	9	10	10	10	11	12	14	14	14	13	12	11	12	12	14	14	14	14	14	13	13	13	13	12
0	0	0	0	0	0	0	0	0	0	0	0	0	0	0	0	0	0	2	2	2	2	2	2	2	2	2	2	2	2	2	2	2	2	2	2	2	2	2	2
3	3	3	3	3	3	3	4	4	3	3	4	3	3	4	5	6	6	7	6	6	7	7	7	7	7	7	7	7	7	8	8	6	7	7	7	8	8	8	9
0	0	1	1	1	1	1	1	1	1	1	1	1	1	1	1	1	1	1	1	2	5	5	5	5	5	4	4	4	4	4	4	4	4	4	4	4	4	4	4
2	3	3	3	3	4	4	5	6	6	6	7	7	6	6	6	6	6	7	6	6	7	7	7	7	7	7	7	9	8	7	7	7	8	7	7	7	6	6	6
1	1	1	2	2	2	3	3	3	3	3	3	3	3	3	3	3	3	5	5	6	7	7	7	7	5	5	5	5	5	6	6	6	6	7	7	7	7	6	6
2	2	2	2	2	2	2	2	2	2	2	2	2	2	2	2	3	3	5	6	6	7	7	5	6	6	6	7	7	7	7	7	7	7	7	7	7	7	7	7
6	8	6	6	6	7	6	6	6	7	8	9	8	8	11	11	12	12	14	14	14	16	16	16	17	17	18	17	18	19	19	19	17	17	17	16	16	16	16	15
1	2	2	2	2	2	3	3	4	4	5	6	6	6	6	6	6	6	8	7	7	7	6	7	7	7	8	8	8	8	9	10	10	10	9	9	9	9	9	9
1	1	1	1	1	1	3	3	3	3	3	3	3	3	3	3	3	3	5	5	5	6	7	9	9	10	11	11	11	11	11	11	10	10	10	10	10	9	9	9
1	1	1	1	2	2	3	3	4	4	4	4	4	4	5	5	5	5	6	6	6	7	7	8	8	8	8	8	8	8	8	8	9	8	8	8	8	8	8	8
6	6	6	6	7	7	6	5	5	7	9	9	9	10	9	10	14	16	15	14	14	17	17	17	16	16	16	15	14	15	16	16	15	16	17	17	17	17	17	17
3	3	3	3	3	2	2	2	2	2	2	2	2	2	2	2	2	2	5	5	4	4	4	5	5	5	5	5	7	7	7	7	6	6	7	7	8	8	8	8
0	0	0	0	0	0	0	0	0	0	0	0	0	0	0	1	3	3	3	3	3	3	3	3	3	4	4	4	6	6	6	6	5	5	6	7	7	8	9	9
6	6	6	7	7	7	8	8	9	9	9	9	9	8	8	8	7	6	7	7	7	8	8	8	8	10	13	13	12	13	15	14	14	15	16	17	17	16	18	20
0	0	0	0	0	0	0	0	0	0	0	0	0	0	0	0	0	0	0	0	0	2	2	2	2	2	2	2	2	2	2	2	2	2	2	2	2	2	2	2
2	3	3	3	4	5	4	5	4	4	5	6	6	6	7	7	8	8	10	10	10	10	10	9	9	9	9	10	12	12	13	13	14	12	11	11	10	11	12	11
0	0	0	0	0	1	1	1	1	1	1	1	1	1	1	1	1	1	3	3	3	3	3	3	3	3	3	3	3	3	3	3	3	3	3	3	3	4	4	4
4	4	6	6	5	6	8	9	9	9	9	10	10	10	11	11	12	13	16	16	15	15	16	16	16	16	18	17	18	17	17	15	15	14	14	14	16	16	15	15
0	0	0	0	0	0	0	0	0	0	0	0	0	0	0	0	0	0	3	3	3	3	3	3	3	3	5	5	5	5	5	5	6	6	7	7	7	7	7	7
0	0	0	0	0	0	0	0	0	0	0	1	1	1	1	1	1	1	3	3	4	4	5	5	5	5	5	5	5	6	6	6	6	6	7	7	6	6	7	7
1	1	1	1	1	1	1	1	1	1	1	1	1	0	0	0	1	1	1	1	1	2	2	3	3	3	3	3	3	3	3	3	3	3	3	4	4	4	4	4
1	1	1	1	1	3	2	2	2	2	2	2	2	2	2	2	3	3	3	3	4	5	5	5	5	6	6	6	6	5	5	5	5	5	5	5	5	4	5	5
3	3	3	3	3	6	5	5	5	5	6	6	6	6	7	8	8	8	10	10	11	11	11	11	10	10	10	10	11	11	11	11	12	11	11	11	11	10	10	10
8	9	10	10	11	13	15	14	15	15	14	13	12	11	11	12	13	16	16	16	15	16	16	16	16	17	17	17	17	18	18	17	19	18	17	16	15	15	15	17
0	0	0	0	0	0	0	1	1	1	1	1	1	1	1	1	1	1	2	2	2	2	2	2	3	3	3	3	3	3	3	2	3	3	4	4	4	4	4	4
2	2	3	3	3	3	2	2	4	3	4	5	5	5	7	7	11	13	13	14	14	14	14	14	14	14	14	15	16	15	14	13	14	13	14	15	16	16	15	14
6	7	7	7	7	7	7	8	8	8	12	13	13	13	16	16	18	18	20	19	20	22	22	23	23	25	25	25	25	26	27	27	28	27	26	27	26	25	21	21
2	2	2	2	2	2	2	2	2	2	2	2	2	2	2	4	5	5	6	6	6	8	8	8	8	8	8	8	8	8	8	8	9	9	9	9	9	8	8	9
1	2	3	3	3	3	3	3	3	3	3	3	3	3	2	2	2	2	3	3	4	5	6	6	6	6	6	6	6	5	5	5	4	5	5	5	5	5	5	6
2	2	2	2	2	2	2	2	2	2	3	4	5	5	4	4	4	4	4	4	4	6	6	6	6	6	6	6	6	6	7	6	6	5	6	6	6	6	6	7
51	51	50	49	51	51	52	50	54	57	61	69	70	74	95	96	108	104	116	118	119	123	123	123	121	116	115	114	114	116	114	115	120	117	114	114	113	111	110	108
0	0	0	0	0	0	0	0	0	0	0	1	1	1	1	1	1	1	3	3	3	3	3	3	3	3	3	3	3	3	2	2	2	2	2	2	2	2	2	2
1	1	2	1	1	1	1	1	1	1	1	1	1	1	2	2	2	2	3	3	5	5	5	5	5	5	5	5	5	5	5	6	7	7	7	7	7	5	5	5
0	0	0	0	0	0	0	0	0	0	0	0	0	0	0	0	0	0	2	2	2	2	2	2	3	3	3	3	3	3	3	3	3	3	3	3	3	2	2	2
0	0	0	0	0	0	0	0	0	0	0	0	0	0	0	0	0	0	2	2	2	2	2	2	2	2	2	2	2	2	2	2	2	2	3	3	3	3	3	2
0	0	0	0	0	0	0	0	0	0	0	1	1	1	1	2	2	2	4	4	4	4	4	4	4	4	4	4	4	4	4	4	4	4	4	3	3	3	3	3
0	1	1	1	1	1	1	1	1	1	1	1	1	1	1	1	1	1	2	1	1	2	2	2	3	3	3	3	3	3	3	3	3	3	3	3	3	3	3	3
0	0	0	0	0	0	0	0	0	0	0	0	0	0	0	0	0	0	2	2	2	2	2	2	2	2	2	3	3	3	3	3	3	3	3	3	3	3	3	3
0	0	0	0	0	0	0	0	0	0	0	0	0	0	2	2	2	2	4	4	4	4	4	4	4	4	4	4	4	4	4	4	4	4	4	4	4	5	5	5
0	0	0	0	0	0	0	0	0	0	0	0	0	0	0	0	4	4	4	5	5	5	5	5	6	7	7	7	7	7	7	10	11	11	11	11	11	11	10	10
2	2	2	1	0	0	0	0	0	0	0	0	0	0	0	1	2	3	4	4	4	4	4	4	4	4	5	5	5	5	5	6	7	7	7	7	7	8	8	8
1	1	1	1	1	1	1	1	1	1	1	1	1	1	1	1	1	1	1	1	1	2	2	2	2	2	2	2	4	4	4	4	5	5	5	5	6	6	6	6
54	50	53	50	49	48	46	49	51	51	55	54	57	60	61	72	77	78	80	82	96	108	107	109	109	110	111	112	115	113	112	117	118	117	123	122	119	119	119	119
0	0	0	0	0	0	0	0	0	0	0	0	0	0	0	2	3	5	6	6	7	8	9	9	9	9	9	9	9	9	9	9	9	9	9	8	8	8	8	8
0	0	0	0	0	0	0	0	0	0	0	0	0	0	0	0	0	0	2	2	2	2	2	4	5	5	5	5	5	5	6	6	6	8	8	8	8	8	8	8
4	4	4	5	6	6	6	6	6	5	6	6	6	6	7	7	7	7	9	9	9	10	10	11	11	11	11	10	10	10	10	11	12	12	12	11	11	10	11	11
3	3	3	3	3	3	3	3	3	2	2	3	3	4	6	6	7	7	8	9	10	11	12	13	13	12	12	12	12	12	12	12	12	13	13	13	13	13	13	13
9	8	12	13	16	16	17	17	17	17	17	18	17	17	16	16	17	19	20	22	22	23	21	22	22	23	22	20	21	20	19	20	21	20	21	21	21	22	20	19
1	1	1	1	1	1	1	1	1	1	1	1	1	1	1	1	2	2	2	2	3	5	5	5	5	5	5	5	5	5	5	5	5	5	5	5	5	5	5	5
3	4	6	7	7	6	6	7	7	6	7	7	8	8	8	9	9	9	10	10	12	15	15	15	15	15	16	16	16	16	16	14	14	14	12	12	12	12	11	11
65	1099	3109	3502	3623	3795	3965	4152	4362	4669	4793	4863	4941	5039	5285	5317	5391	5509	5622	5704	5766	5735	5736	5694	5632	5496	5418	5327	5230	5143	4987	4837	4724	4600	4538	4468	4380	4312	4228	4239
3	3	3	3	3	3	2	1	1	1	1	1	1	1	1	1	1	1	4	4	4	4	5	5	6	7	7	7	7	8	8	8	8	9	9	10	9	10	10	9
0	0	0	0	0	0	0	0	0	0	0	0	0	0	0	0	0	0	1	1	1	2	2	2	2	3	3	4	4	4	4	4	5	5	5	5	5	5	4	5
5	5	4	4	4	5	5	7	8	8	8	8	8	9	10	10	11	11	12	12	11	12	12	12	12	12	13	14	14	14	15	15	16	17	18	16	16	14	15	15
3	3	3	4	3	4	4	4	6	10	10	10	11	12	12	12	12	12	12	12	11	13	13	14	13	13	12	13	14	14	14	14	18	18	17	16	16	17	17	17
7	7	8	8	7	9	9	9	8	8	6	6	7	8	12	12	13	14	14	13	15	16	17	17	16	17	17	17	19	19	18	18	20	21	22	23	22	22	23	22
2	2	2	3	3	4	5	5	5	5	5	5	5	6	8	8	8	8	10	11	12	12	12	12	11	11	8	8	8	8	8	7	8	8	8	8	7	7	7	7
3	3	3	3	3	3	3	3	3	3	3	3	3	2	2	2	3	3	5	6	6	6	6	6	6	7	6	6	7	8	8	8	9	9	9	9	8	8	8	8
0	0	0	0	0	0	0	0	0	1	1	1	1	1	1	1	3	3	5	5	5	5	5	6	6	6	6	6	6	6	6	6	6	5	5	5	5	5	4	2
9	8	8	8	7	7	7	6	8	8	7	8	9	8	9	9	10	11	11	13	14	17	20	21	24	26	26	26	26	26	25	25	25	25	26	24	23	24	24	23
5	5	7	6	6	7	8	8	9	9	11	13	12	12	12	12	12	12	12	12	12	13	13	12	11	11	11	12	12	15	14	14	15	15	15	15	14	13	13	13
3	3	4	4	4	2	2	2	2	3	3	3	4	5	6	7	7	7	9	8	9	10	10	10	10	11	11	11	12	12	12	13	13	13	12	12	11	11	10	10
0	1	1	1	1	1	1	2	2	2	2	3	4	4	4	4	5	6	9	9	9	9	9	9	10	10	10	10	11	11	11	11	11	11	10	10	10	10	10	7
2	2	3	4	5	5	5	5	6	6	7	8	8	8	8	7	7	6	6	6	6	8	8	8	8	9	7	7	7	5	6	7	7	9	9	9	8	8	8	8
1	1	1	1	1	1	1	1	2	2	2	2	2	2	2	2	2	2	3	3	2	3	3	3	3	3	3	3	2	2	2	2	2	4	4	4	4	4	4	5
4	4	4	4	4	4	4	4	4	4	3	3	3	4	3	3	4	4	6	6	5	6	5	5	6	6	6	6	6	6	6	6	7	8	7	8	8	8	9	10
17	15	17	16	15	15	16	17	18	18	19	24	25	26	26	27	32	34	37	39	39	39	38	39	39	41	40	39	38	37	38	40	40	37	37	38	38	41	38	38
0	0	0	0	0	0	0	0	0	0	0	0	0	0	0	1	1	1	3	3	5	5	6	6	7	7	7	7	8	8	8	9	9	9	10	10	10	11	10	9
0	0	0	0	0	0	0	0	0	0	0	0	0	1	1	3	3	3	3	3	5	5	5	5	5	5	5	5	5	5	5	5	6	7	8	8	8	8	8	9
3	3	4	5	5	5	5	5	5	4	4	5	5	5	5	5	5	5	6	7	7	7	7	7	5	5	5	5	5	6	6	6	8	8	8	10	9	9	9	8
1	1	1	1	1	1	1	0	0	1	2	2	2	2	2	2	2	5	8	8	8	9	9	9	9	9	10	10	12	12	12	12	13	13	13	13	13	13	12	11
2	2	2	2	2	2	2	2	3	2	3	3	3	3	3	3	3	3	6	6	6	6	8	8	8	8	8	8	8	8	8	9	10	9	8	8	8	8	8	7
0	0	0	0	0	0	0	0	0	0	0	0	0	0	0	0	1	1	2	2	3	3	3	3	4	4	4	4	4	4	4	4	4	4	4	5	4	4	5	5
12	13	13	13	13	13	12	12	13	13	15	15	14	14	11	12	12	12	15	17	18	20	19	18	20	20	20	20	20	20	21	21	25	25	25	26	26	26	27	27
0	0	0	0	0	0	0	0	0	0	0	0	0	0	0	0	0	0	1	1	1	1	1	1	1	1	1	2	2	2	2	2	3	4	5	5	5	5	5	7
1	3	4	4	4	4	4	4	4	4	4	5	6	6	6	6	6	6	7	7	7	9	7	7	8	8	8	8	8	8	8	9	9	7	7	7	8	8	8	8
6	6	6	5	5	4	5	5	4	3	2	5	5	5	5	5	5	6	8	8	8	10	10	11	11	13	14	15	15	15	15	16	15	14	14	14	15	15	15	15
2	4	4	3	2	3	3	3	3	3	3	5	5	6	6	7	7	7	8	8	8	9	9	9	9	9	9	9	10	10	10	9	9	9	9	8	8	8	8	8
1306	1361	1406	1462	1518	1584	1759	1784	1777	1892	1983	2032	2077	2124	2155	2171	2274	2229	2246	2260	2276	2344	2279	2280	2254	2247	2236	2217	2252	2218	2232	2282	2271	2266	2313	2300	2299	2289	2507	2795
0	0	0	0	0	0	0	0	0	0	0	0	1	1	2	2	2	2	4	4	4	5	6	6	6	6	7	7	8	8	8	8	8	7	8	8	8	8	7	6
20	20	19	19	20	21	21	21	21	26	23	26	26	28	30	35	38	38	43	43	43	44	43	47	47	47	48	50	48	48	48	45	45	44	44	42	40	38	37	37
3	3	3	3	2	2	2	2	1	2	2	3	4	3	4	4	5	5	8	8	10	12	12	12	12	12	12	12	12	12	12	12	12	11	11	11	10	10	9	9
0	0	0	0	0	0	1	1	1	1	1	1	1	1	1	1	1	1	3	3	3	5	5	5	5	5	5	5	5	5	5	5	5	5	6	5	5	5	5	3
7	7	0	6	6	6	6	6	13	15	19	23	24	24	27	28	33	34	34	35	36	36	38	39	39	43	45	46	45	43	43	42	43	37	37	37	37	35	35	39
0	0	0	0	0	0	0	0	0	0	0	0	0	0	0	0	0	0	2	2	2	2	2	2	3	3	3	3	3	3	3	3	3	3	3	3	3	3	3	4
2	2	2	2	2	2	2	2	2	3	5	5	5	4	4	5	5	5	6	6	6	6	6	6	6	6	6	6	7	7	6	6	6	6	7	6	6	6	5	5
1	1	1	1	1	1	0	0	2	2	2	3	3	3	7	8	8	8	10	10	10	10	10	10	10	10	11	11	13	13	13	13	13	13	13	13	10	10	10	10
0	0	0	0	0	0	0	0	0	0	1	2	2	2	2	2	3	3	4	4	4	4	4	5	5	5	5	5	6	6	6	6	6	6	6	6	6	7	6	6
1	1	1	1	1	1	1	1	1	1	1	2	2	3	3	3	4	4	6	6	6	6	7	7	6	6	6	6	6	6	6	6	6	6	6	6	6	6	6	6
0	0	0	0	0	0	0	0	0	0	0	0	0	0	0	0	0	0	1	1	1	2	2	2	2	2	2	2	2	2	2	2	2	2	2	3	3	3	2	2
0	0	0	0	0	0	0	0	0	0	0	0	0	0	0	0	0	0	1	1	1	2	2	2	2	2	2	2	2	2	2	2	2	2	2	2	2	2	2	2
0	0	0	1	1	1	1	1	1	1	1	1	1	1	1	1	2	2	3	3	3	4	4	4	4	4	4	4	4	4	4	4	4	4	4	4	4	3	3	3
0	0	0	0	0	0	0	0	0	0	0	0	0	0	0	1	2	2	2	2	2	5	5	5	5	5	5	5	5	5	5	5	5	5	5	5	5	4	4	4
3	3	3	3	2	4	3	3	3	4	4	4	3	3	3	4	4	4	5	5	6	6	6	6	6	6	6	6	6	6	6	6	6	8	8	8	8	10	8	8
15	14	12	13	14	13	14	18	22	23	25	27	30	34	34	34	39	40	41	41	40	40	41	42	44	43	40	37	39	37	36	36	37	40	42	41	39	42	45	45
1	1	1	1	1	1	1	2	3	3	3	3	3	3	3	3	4	5	6	6	6	6	6	6	5	6	6	6	6	6	6	5	4	4	4	4	3	3	4	5
30	30	31	30	30	29	27	28	32	35	37	44	45	46	47	48	51	49	50	53	53	55	57	56	57	59	57	59	64	66	68	69	71	74	76	73	71	71	71	68
7	7	7	7	7	7	7	6	6	6	7	7	8	8	9	8	8	8	9	9	10	12	14	16	17	19	19	19	19	19	18	18	17	17	17	17	17	17	17	17
6	6	6	7	7	7	7	7	7	7	7	8	8	8	7	7	6	6	6	6	8	8	7	7	7	10	11	10	14	14	14	14	16	16	16	17	17	17	17	17
2	2	1	1	1	2	2	2	3	3	4	4	4	4	4	5	5	5	6	6	6	6	6	6	6	6	6	6	6	6	4	4	4	4	4	4	3	4	4	6
22	24	26	28	30	102	115	117	124	128	140	145	145	147	148	148	148	154	155	152	155	157	166	164	160	164	159	152	144	138	135	134	132	121	121	115	109	110	110	108
2	2	2	2	2	1	1	1	1	1	1	1	1	1	1	0	0	0	0	0	0	0	0	9	9	10	10	10	10	10	10	10	10	10	10	10	10	10	10	10
2	2	1	1	1	1	1	1	1	1	1	1	0	0	0	0	0	0	0	0	0	2	2	3	3	3	4	7	7	8	8	8	8	8	8	8	8	8	9	10
2	2	3	3	3	3	3	3	3	3	3	3	2	2	4	4	4	4	4	3	3	6	6	6	6	6	6	6	6	5	5	5	5	5	5	5	5	5	6	6
0	0	0	0	0	0	0	0	0	0	0	0	0	0	0	3	4	4	5	5	5	6	6	6	6	6	6	7	8	8	8	8	8	8	8	8	9	9	9	8
1	1	2	2	3	3	3	3	3	2	2	2	3	3	3	3	3	3	4	3	3	4	4	4	4	4	4	3	4	4	4	4	4	4	4	4	4	4	4	5
5	5	5	5	5	5	5	6	6	6	6	5	5	5	7	7	9	9	10	11	12	13	13	14	14	14	13	14	15	15	16	16	17	17	16	15	16	17	18	18
6	6	6	6	7	8	8	9	9	9	9	10	9	9	9	8	10	9	10	9	8	10	11	12	12	13	14	14	14	16	16	15	14	14	14	15	15	16	17	17
4	4	6	7	7	7	7	7	7	7	7	7	7	7	7	8	8	7	9	8	7	6	6	7	8	8	7	7	7	8	9	9	11	11	11	11	11	11	12	12
2	3	3	3	4	4	5	5	6	8	8	12	12	13	14	15	17	19	23	23	24	24	24	24	25	27	27	27	26	24	23	21	21	21	19	18	18	18	18	17
12	13	12	12	13	15	15	16	14	15	16	15	17	17	19	20	20	22	24	23	24	25	23	23	22	24	24	23	22	21	22	21	23	25	27	26	26	29	28	28
3	3	5	5	5	6	6	7	7	6	5	5	6	6	6	6	7	7	7	7	7	9	9	8	8	7	7	7	8	9	9	9	9	9	10	11	11	10	10	8
3	3	3	3	3	3	2	3	5	5	8	9	10	11	11	11	12	12	14	14	14	13	14	14	15	15	16	16	16	16	15	14	14	15	17	17	13	13	14	14
1	1	2	3	3	3	3	3	4	5	6	6	6	6	6	8	8	7	8	8	8	9	9	9	9	9	9	9	9	9	8	7	7	7	7	7	6	7	6	6
7	8	8	8	8	12	13	13	13	13	13	12	11	12	12	11	12	12	13	14	14	15	14	14	14	16	16	16	17	16	17	17	17	15	15	16	15	16	16	16
7	7	10	11	10	10	10	10	11	11	12	12	11	11	10	11	11	11	11	9	10	10	8	7	7	9	9	9	9	10	10	11	13	13	14	16	15	16	17	16
7	6	6	6	6	6	6	6	6	5	4	4	4	4	4	9	11	12	13	13	13	14	15	15	16	17	17	18	18	19	19	20	20	20	19	18	18	18	18	16
1	1	1	1	1	1	1	2	2	2	2	2	2	2	2	2	2	2	4	4	4	4	5	5	5	5	5	5	5	5	5	5	5	5	5	5	5	5	4	4
2	2	2	2	2	2	2	2	4	4	5	5	5	5	7	8	8	8	9	9	10	10	10	10	10	10	11	11	11	11	11	10	10	9	10	10	10	9	9	11
1	1	2	2	2	2	2	2	2	2	2	3	3	3	3	3	3	3	4	4	4	5	5	5	5	5	4	4	5	5	4	4	5	4	4	4	4	4	4	4
2	2	3	4	4	4	4	4	4	4	5	5	5	4	4	4	4	6	6	6	5	7	7	7	7	7	6	6	6	6	6	6	6	7	7	7	7	7	7	7
3	3	3	3	3	2	3	4	4	4	4	4	4	4	4	4	7	7	7	7	7	8	8	8	10	11	11	10	11	11	11	11	11	11	11	12	11	11	11	11
3	3	4	5	5	5	5	5	5	5	5	5	5	5	4	3	3	3	3	3	4	8	8	8	9	10	10	11	11	11	11	11	11	10	10	10	10	10	10	10
3	2	3	2	2	4	4	4	3	3	3	3	3	4	6	6	8	9	10	10	10	10	10	10	12	12	11	11	11	11	11	11	13	13	13	13	12	12	11	12
0	0	0	0	0	0	0	0	0	0	0	0	0	0	0	0	0	0	1	1	1	1	1	1	1	2	2	2	2	2	2	2	3	4	5	5	6	6	5	6
6	6	6	5	4	4	5	5	5	5	6	6	6	6	6	7	8	8	14	14	14	16	16	16	16	16	16	18	17	17	16	16	16	17	19	17	17	18	17	16
13	12	12	12	12	10	11	12	13	11	11	12	11	11	19	19	20	21	25	28	30	31	31	32	31	33	33	35	34	35	36	35	35	36	37	37	36	37	35	34
7	8	8	8	9	10	10	10	10	10	10	9	8	7	8	8	9	7	8	9	9	12	12	13	13	16	17	16	16	16	17	17	17	17	18	17	17	17	16	16
6	6	7	8	7	7	7	7	7	8	8	7	7	7	7	7	7	7	7	6	5	5	5	5	4	3	3	3	3	3	3	3	13	11	13	13	13	13	14	14
0	0	0	0	0	0	0	0	0	0	0	0	0	0	0	0	0	0	1	1	2	2	3	4	4	4	4	4	4	4	4	4	4	5	5	5	5	7	8	8
10	12	12	11	11	12	12	12	13	15	16	17	18	19	19	21	24	23	25	26	27	28	28	31	31	31	34	33	34	34	31	30	30	31	31	31	30	30	29	28
3	3	3	4	4	4	4	6	6	6	5	5	5	5	5	6	7	8	10	10	12	12	12	12	11	11	11	11	11	11	11	11	13	14	12	12	13	13	14	13
11	14	23	24	31	35	35	38	38	41	44	43	43	42	45	46	47	48	48	48	50	55	55	54	53	54	53	51	51	51	49	47	46	45	43	42	40	38	31	29
1	1	1	1	1	1	1	1	1	1	1	1	0	0	0	0	0	0	0	0	0	1	1	1	1	1	1	1	1	3	3	3	4	4	4	4	4	4	4	4
0	1	1	1	1	1	1	1	1	1	1	1	1	1	1	1	1	1	2	1	1	2	2	2	2	3	4	4	4	4	4	4	4	4	4	4	5	5	5	5
8	8	8	8	8	6	6	6	6	6	5	4	4	4	5	7	14	16	18	19	20	21	21	23	23	23	23	23	25	25	25	25	26	26	25	25	25	24	25	25
0	0	0	0	0	2	6	7	7	7	7	7	7	10	17	26	29	30	32	33	33	35	37	38	39	39	38	39	39	39	40	39	39	40	39	38	35	35	36	34
16	16	17	18	18	20	21	23	22	18	19	20	20	19	21	21	22	24	24	26	24	25	25	28	28	29	28	28	27	27	27	30	35	37	38	37	36	35	36	35
0	0	0	0	0	0	0	1	1	1	1	1	1	1	1	1	1	1	2	2	2	2	2	2	2	2	1	1	1	1	1	1	1	1	1	1	1	1	1	3
0	0	0	0	0	0	0	0	0	0	0	0	0	0	0	0	0	0	2	2	2	2	2	2	2	2	2	2	2	2	2	2	2	2	2	2	2	2	2	2
2	2	2	3	3	3	2	2	2	2	2	2	2	3	3	2	7	7	7	8	9	9	9	10	10	10	11	11	12	12	12	13	13	13	13	13	13	13	14	14
0	0	0	0	0	0	0	1	5	5	7	7	7	7	8	8	11	12	13	13	14	14	15	15	15	15	15	15	15	15	14	13	13	14	12	11	10	10	10	8
0	0	0	0	0	0	0	0	0	0	1	1	1	1	1	1	1	1	2	2	2	3	3	3	3	4	4	4	4	4	4	4	4	4	4	4	4	4	4	4
0	0	0	0	0	0	0	0	0	0	0	0	0	0	0	1	1	1	3	3	3	3	3	4	4	4	4	4	4	4	5	5	5	5	5	5	5	4	4	3
1	1	2	2	2	2	2	2	2	2	3	3	3	6	6	6	6	6	9	9	8	8	8	8	8	8	8	8	8	7	7	6	6	6	6	6	5	5	6	6
0	1	3	3	3	4	4	4	4	4	4	4	4	4	4	4	4	5	5	5	6	8	8	7	7	7	8	8	8	8	9	9	9	9	9	9	9	9	9	8
4	4	4	4	4	3	1	4	14	16	18	18	18	18	18	18	18	18	18	17	18	18	18	18	17	17	16	15	14	14	12	12	12	12	14	13	12	11	10	13
12	12	11	12	12	12	12	12	14	17	17	18	18	17	18	32	33	34	37	37	40	41	41	43	47	49	48	49	49	49	50	51	49	47	47	45	45	44	43	42
0	0	0	0	0	0	0	0	0	0	0	0	0	0	0	2	7	7	8	8	8	9	10	11	12	12	12	12	12	13	13	14	14	15	15	15	16	18	18	17
9	9	9	9	8	8	8	8	6	5	5	4	4	10	10	10	12	13	15	15	16	18	21	22	23	23	24	24	25	24	24	25	27	27	26	26	25	25	25	24
13	9	19	29	31	31	31	34	35	35	35	36	36	37	37	40	41	41	45	47	46	52	51	51	53	55	54	55	55	56	57	57	58	60	59	56	55	52	49	46
19	19	20	20	20	20	20	20	17	17	15	16	15	13	16	18	22	23	24	25	25	29	29	30	32	33	35	37	41	43	43	44	44	44	44	45	43	43	43	40
22	25	25	24	23	25	26	28	29	33	35	36	37	37	38	39	38	38	40	39	43	47	44	48	49	49	51	49	48	51	52	53	53	53	52	53	53	53	49	49
6	6	6	7	7	8	8	7	7	8	7	7	7	7	8	7	7	7	8	8	8	8	7	7	7	7	8	7	8	10	10	10	14	14	15	15	15	17	16	15
2	2	2	2	2	14	14	16	18	18	19	18	18	18	19	21	22	22	23	23	23	24	23	23	22	21	24	24	24	24	23	23	23	22	17	17	16	14	16	15
3	3	3	4	4	4	4	4	4	4	4	2	3	3	3	4	4	4	5	4	4	5	5	5	6	7	7	7	8	7	8	8	9	10	10	11	10	10	10	9
0	0	0	0	0	0	0	0	0	2	6	8	8	9	10	11	12	12	12	13	13	14	14	14	14	14	15	15	17	19	21	19	20	18	17	17	17	18	16	15
5	5	4	4	4	4	5	5	5	5	5	12	17	17	16	16	18	19	21	21	21	22	22	22	22	22	22	26	29	29	28	30	29	29	29	27	25	23	24	24
27	28	30	40	46	50	51	51	50	55	59	63	71	71	74	78	83	88	90	93	96	104	106	107	101	96	98	97	97	95	91	90	90	91	88	86	80	80	80	81
24	25	25	24	24	25	23	21	20	19	20	16	19	18	18	20	25	25	23	24	32	35	35	35	34	35	37	37	38	38	38	36	37	43	41	45	46	48	49	51
0	0	0	0	0	0	0	0	0	0	0	0	0	0	0	0	0	0	2	3	3	3	3	3	3	3	4	5	5	5	6	6	6	6	6	6	6	5	6	7
1	1	1	1	1	2	2	3	3	3	3	2	2	2	2	3	4	4	4	6	7	9	9	10	12	12	12	13	14	15	15	15	17	18	23	24	26	26	26	28
1	2	2	2	2	2	2	2	2	2	2	2	2	2	2	2	2	3	5	5	5	5	5	5	5	4	4	5	6	5	5	5	5	5	5	5	4	6	7	7
3	3	3	3	3	4	4	4	4	4	4	4	4	4	4	5	6	7	8	8	8	8	8	8	8	8	8	8	9	9	9	8	9	9	11	11	10	11	11	12
0	0	0	0	0	0	0	0	0	0	0	0	0	0	0	1	1	1	2	2	2	3	3	3	3	3	3	3	3	3	3	3	3	3	3	3	3	3	2	2
0	0	0	0	0	0	0	0	2	2	2	2	3	3	5	5	7	7	7	7	7	7	7	7	8	10	10	12	13	12	11	11	13	13	13	13	12	12	12	13
2	2	3	5	5	5	4	4	5	5	5	11	11	12	12	14	15	15	15	15	16	15	15	15	15	15	15	12	14	13	12	12	12	12	14	14	13	12	12	13
3	3	4	4	6	6	6	8	8	8	8	8	7	8	9	10	11	11	13	13	14	14	15	14	14	14	14	14	14	13	14	15	16	14	14	14	14	16	21	20
39	39	40	38	34	33	34	34	35	37	38	40	44	47	60	63	75	89	91	89	94	95	97	97	96	92	92	94	93	94	94	99	106	107	105	101	97	96	95	95
1	1	1	1	1	1	1	1	1	1	1	2	2	3	4	4	5	5	5	6	6	9	10	10	11	10	10	10	11	11	11	11	11	12	11	11	11	11	9	10
5	5	5	4	4	4	4	4	6	7	7	6	5	5	5	4	4	4	5	5	5	6	6	7	7	8	9	10	8	9	9	10	12	12	12	12	12	12	12	13
1	1	1	1	1	1	1	1	1	1	1	1	1	1	1	10	10	12	13	12	12	12	12	12	12	12	12	13	14	16	16	17	17	18	19	19	19	19	19	19
3	3	3	2	2	2	2	2	3	3	4	4	4	4	5	4	4	4	5	5	5	5	5	6	6	5	5	5	5	7	7	7	8	9	10	10	10	10	9	9
1	1	1	1	1	2	2	2	2	2	2	2	2	2	2	2	2	3	4	4	5	6	6	6	7	7	7	7	7	7	7	7	7	7	7	7	8	8	8	8
4	2	3	3	4	4	5	5	7	7	8	8	8	11	11	11	12	11	11	11	11	13	15	15	15	15	15	13	13	13	15	15	15	14	14	13	14	14	14	16
6	6	6	6	6	6	6	7	7	8	8	7	7	8	9	11	13	13	13	13	14	15	14	14	14	16	15	15	16	18	20	21	21	21	20	18	17	17	17	18
1	1	1	1	1	1	1	1	2	4	4	4	4	5	5	6	7	7	8	8	8	9	10	10	10	10	10	9	9	8	9	10	10	10	10	10	8	9	9	9
5	4	4	5	5	4	3	3	4	3	4	4	4	4	4	5	6	7	7	7	8	9	10	10	10	10	10	10	10	10	9	9	9	9	10	11	11	12	14	14
0	0	0	0	0	0	0	0	0	0	0	0	0	0	0	0	0	0	2	2	2	2	2	2	2	2	2	2	2	2	2	2	2	2	2	2	3	3	2	2
0	0	0	0	0	1	2	3	3	4	4	4	4	4	4	4	4	4	4	6	6	8	9	9	10	11	12	14	14	14	13	13	13	14	14	16	19	20	21	23
3	3	2	2	2	2	3	3	3	3	3	8	8	6	6	7	7	7	7	7	7	8	8	8	8	7	7	8	9	9	9	9	9	9	9	11	9	9	9	10
12	12	12	13	13	13	13	12	14	15	16	17	17	17	17	18	20	20	21	22	22	23	24	25	23	23	23	23	24	24	23	24	24	24	25	29	28	30	30	30
4	5	5	5	6	6	6	6	7	7	7	7	6	6	6	6	6	8	8	8	7	7	7	8	8	9	9	8	10	10	11	12	15	15	16	16	16	15	16	15
5	6	6	6	6	7	7	6	8	8	8	8	8	8	9	12	13	13	14	13	15	16	17	17	17	16	16	15	15	16	15	15	17	17	16	17	18	17	18	17
4	5	5	5	5	9	12	13	13	14	15	15	16	16	15	15	15	15	17	17	17	20	20	23	22	23	22	19	19	17	16	18	17	18	18	18	15	15	16	16
0	0	0	0	0	0	0	0	0	0	0	0	0	0	0	0	3	3	4	4	4	4	5	5	5	5	5	5	6	6	6	6	6	6	5	4	4	3	4	4
2	2	2	2	2	2	2	2	2	2	2	2	1	1	1	2	2	2	3	3	5	5	5	5	5	6	6	7	7	7	7	7	7	8	8	8	7	7	7	7
5	6	6	7	7	7	7	7	6	7	8	9	11	11	12	12	12	11	10	10	10	15	16	17	17	18	17	17	18	18	22	20	20	20	20	20	19	19	17	18
7	8	9	9	9	9	9	9	9	9	9	8	6	7	7	7	7	7	7	6	7	8	10	10	9	9	10	12	13	13	15	16	17	17	19	19	18	18	18	18
1	1	1	1	1	4	4	4	4	4	5	6	6	5	5	5	6	6	6	6	6	7	7	7	7	7	7	6	6	6	6	5	6	5	5	6	6	6	6	6
2	2	3	3	4	5	5	5	5	5	6	6	6	5	6	6	6	7	7	7	6	9	9	10	10	10	9	10	10	10	9	10	10	10	10	10	10	10	10	9
1	1	1	1	1	1	0	0	0	0	0	0	0	0	0	1	4	5	7	7	7	7	7	7	7	7	7	7	7	8	8	8	8	9	9	9	8	9	7	7
2	2	2	2	2	2	2	2	2	2	3	3	3	3	3	3	3	3	4	4	4	4	3	3	3	4	4	4	6	6	6	6	6	6	7	7	8	7	7	7
0	0	0	0	0	0	0	0	0	0	0	0	0	0	0	0	2	4	5	5	5	5	5	5	5	5	5	5	5	5	5	5	5	6	6	6	6	6	6	6
5	6	6	5	5	5	4	4	4	4	4	3	3	3	4	4	4	3	4	4	5	6	6	6	8	9	9	10	12	12	12	12	12	12	12	12	12	12	12	12
1	1	1	1	1	1	1	1	1	1	1	1	1	1	1	1	3	3	4	4	5	5	5	5	5	5	5	5	6	6	6	6	6	6	6	5	5	5	5	5
1	2	4	4	4	6	6	6	6	6	6	6	6	6	6	6	6	6	7	7	7	8	8	8	8	7	8	7	6	6	7	7	7	7	7	7	6	6	6	6
7	7	6	6	9	36	38	38	39	40	44	47	50	50	50	50	53	54	55	55	55	57	59	61	60	58	55	58	51	53	53	48	49	50	51	49	48	50	51	48
22	25	25	28	31	31	33	34	35	36	37	53	61	60	74	85	87	97	106	107	109	113	112	111	111	110	110	109	110	107	105	107	112	112	107	104	100	99	97	96
0	0	0	0	0	0	0	0	0	0	0	0	0	0	0	0	1	3	5	5	5	5	5	5	5	7	7	7	7	9	9	9	9	9	9	9	9	9	9	10
17	18	20	20	23	24	26	30	30	31	32	33	33	37	36	38	38	41	46	45	46	48	49	50	51	53	53	52	54	52	50	50	47	47	46	46	46	48	44	42
5	5	4	4	4	5	5	5	5	6	7	7	7	7	7	7	6	6	6	5	8	12	11	11	11	11	11	18	17	17	17	17	17	17	17	17	16	16	16	16
7	7	7	8	8	8	8	8	10	9	9	10	10	10	10	10	9	9	9	8	7	11	10	11	13	13	14	14	14	14	14	15	16	16	16	17	17	16	16	17
16	22	23	22	22	24	24	25	26	28	29	31	31	32	35	34	35	35	39	39	38	36	33	32	32	31	31	30	32	33	35	38	41	41	44	43	50	50	51	53
0	0	0	1	1	1	2	2	2	2	2	2	2	3	4	4	4	4	4	4	4	4	4	4	4	5	5	4	5	5	5	5	6	6	10	10	10	10	9	9
0	0	0	1	1	1	1	1	2	2	2	2	3	3	3	3	3	3	4	4	4	5	5	5	5	5	5	6	6	6	5	4	5	6	6	7	8	8	8	7
3	3	3	3	3	3	3	3	5	6	7	8	9	12	12	13	13	13	13	15	16	16	15	16	16	16	17	19	19	19	18	16	23	23	23	23	24	24	23	24
12	11	10	10	10	10	11	12	13	14	15	15	16	14	14	14	15	17	19	20	19	20	19	21	21	23	24	24	25	25	26	26	26	26	26	26	27	28	28	30
0	0	1	1	1	1	1	2	2	2	2	2	2	2	2	2	2	2	3	3	3	3	3	4	4	4	4	4	4	4	4	4	4	4	4	4	4	4	4	5
1	1	1	0	0	0	0	2	2	2	2	2	2	2	2	3	3	3	5	5	5	5	6	6	6	6	7	7	7	7	7	6	6	6	6	7	7	7	6	7
5	5	5	5	5	5	5	5	5	4	4	3	4	2	3	5	5	5	7	7	9	10	10	11	12	12	13	13	14	14	14	14	14	14	14	14	13	14	14	14
0	0	0	0	0	1	1	1	1	1	1	1	1	1	1	1	1	1	2	2	2	2	3	3	3	3	3	3	4	5	6	6	7	7	7	7	7	7	7	7
1	1	1	1	1	1	1	1	1	2	3	3	3	3	4	5	5	5	7	7	7	7	6	6	6	6	6	6	7	7	6	6	6	6	6	6	6	6	5	5
2	2	2	2	2	2	2	3	3	2	2	2	1	1	1	1	1	1	1	1	1	1	1	2	2	4	4	4	5	6	6	5	6	6	6	6	6	6	6	6
0	0	0	0	0	0	0	2	2	2	2	2	3	3	4	4	4	4	4	4	4	5	5	5	5	5	5	5	5	5	5	4	4	4	6	6	6	6	6	7
0	0	0	0	0	0	0	3	10	10	11	11	11	11	11	13	13	13	13	13	13	14	14	15	15	15	15	15	14	13	13	12	12	11	10	10	9	9	9	9
0	0	1	1	1	1	2	2	2	2	2	3	3	3	3	3	4	4	4	3	3	3	4	5	5	5	5	4	4	4	4	4	5	5	6	6	6	5	5	5
0	0	0	0	0	0	0	0	0	0	0	0	0	1	1	1	2	2	4	4	4	4	4	4	4	4	4	4	4	4	4	4	4	5	5	3	2	2	2	2
0	0	0	0	0	0	0	0	0	0	0	0	0	0	0	2	4	4	5	5	5	5	5	5	5	6	6	6	6	6	6	6	6	6	5	5	4	4	2	2
0	0	0	0	0	0	0	0	0	0	0	0	0	0	0	1	1	1	2	2	2	3	3	3	3	3	3	3	3	3	3	3	3	4	4	4	4	3	2	2
136	137	135	134	135	132	137	138	139	139	148	151	146	160	169	180	197	198	210	221	227	234	240	237	236	239	236	237	241	248	261	265	269	272	278	270	272	293	282	287
5	4	7	5	5	6	5	7	7	7	7	7	7	7	9	10	11	13	13	13	14	15	14	14	14	14	14	14	15	14	14	14	14	14	13	13	14	14	13	14
0	0	0	0	0	4	5	5	5	5	6	6	6	6	6	6	6	6	6	6	6	6	6	6	6	6	5	6	6	7	6	6	6	6	6	6	7	7	7	10
1	1	1	1	1	1	1	7	16	16	17	17	18	19	19	19	21	22	22	22	22	22	21	22	23	23	22	22	22	20	19	17	17	17	17	17	18	18	17	16
27	26	28	27	25	25	24	23	25	26	27	26	29	33	37	36	38	38	45	51	52	51	52	50	49	49	47	48	56	56	59	58	59	59	61	64	63	64	62	62
1	1	1	1	1	1	1	1	1	1	1	1	1	1	1	1	1	1	3	3	3	3	3	3	3	3	3	3	3	4	5	5	5	5	5	6	6	6	6	6
1	1	1	1	1	1	1	1	1	1	1	0	0	0	0	0	0	0	1	2	2	3	3	3	3	3	3	3	4	4	4	4	4	4	4	4	4	4	4	4
2	2	3	3	3	3	3	3	3	2	2	3	3	2	2	2	2	2	2	2	2	4	5	6	7	7	7	7	7	7	7	6	6	5	5	5	5	5	6	6
7	7	8	8	8	8	8	7	7	7	7	7	7	7	7	7	10	10	10	11	12	13	13	14	13	14	15	16	15	15	15	15	16	16	17	18	16	15	15	16
0	0	0	0	0	1	1	1	1	1	2	2	2	2	2	2	2	2	3	3	3	3	3	3	3	3	2	2	2	2	4	4	4	4	4	4	4	4	4	5
1	2	2	1	1	1	1	1	1	1	1	1	1	1	1	1	1	1	3	2	2	2	2	2	2	2	2	2	2	2	2	2	3	3	3	4	4	4	4	4
1	1	1	1	1	1	1	1	1	1	1	1	0	0	0	0	0	0	0	0	0	2	2	2	2	2	2	2	2	2	3	3	3	3	3	4	4	4	4	4
1	0	0	0	0	0	0	0	0	0	0	0	0	0	0	1	2	2	3	3	3	3	3	3	3	3	3	3	3	3	3	3	3	4	5	4	4	4	4	4
5	5	5	5	4	6	6	6	6	6	6	6	6	7	7	7	9	9	9	9	9	10	9	10	10	11	10	11	11	10	10	12	13	13	14	14	13	13	13	13
0	0	0	0	0	0	0	0	0	0	0	0	0	0	0	1	2	2	5	5	5	6	6	6	6	6	6	6	6	6	7	7	7	6	6	6	6	6	6	6
0	0	0	0	0	0	0	0	0	0	1	1	1	1	1	2	4	4	6	6	6	6	7	8	8	8	8	8	8	8	8	8	8	8	7	5	3	3	3	3
0	0	0	0	0	0	0	0	0	0	0	0	0	0	1	1	2	2	3	3	3	3	3	3	3	3	3	3	3	4	4	4	4	5	5	5	4	4	5	6
1	1	1	1	1	1	1	2	2	2	2	2	2	2	3	4	4	6	6	6	6	7	7	7	7	7	7	7	8	8	8	7	7	6	7	7	6	7	5	6
1	1	1	1	1	1	1	1	1	1	1	2	2	2	2	2	2	2	3	3	3	4	4	3	3	5	6	6	6	6	6	6	6	6	6	6	6	6	6	6
3	3	4	4	3	5	5	5	6	6	6	6	6	6	5	6	6	6	7	7	9	9	8	8	8	8	8	8	8	8	8	8	8	9	10	11	10	8	8	8
0	0	0	0	1	1	1	1	1	1	1	1	1	1	1	1	1	1	1	1	2	4	4	4	4	4	4	4	5	5	5	5	5	5	5	5	4	4	5	5
3	3	4	4	6	9	10	11	12	12	14	14	14	14	14	15	15	15	17	17	16	16	17	16	14	14	13	13	13	13	12	12	11	12	11	11	9	9	9	10
4	4	4	4	5	7	7	7	7	7	7	6	5	7	7	7	7	6	9	9	9	10	10	11	12	12	12	12	11	11	11	12	12	12	12	11	11	11	11	11
2	3	12	12	12	12	12	14	14	16	16	15	15	15	15	15	15	16	16	16	15	16	16	17	13	13	13	18	18	19	20	20	21	21	21	21	23	23	24	24
3	4	4	3	3	5	5	5	7	7	8	8	8	8	8	7	9	12	13	14	14	14	13	13	13	13	13	13	14	14	16	18	18	18	17	15	14	13	14	15
0	0	1	3	3	3	3	3	3	4	4	4	4	4	4	4	4	4	5	5	5	7	7	7	6	5	5	5	5	5	4	4	4	4	4	3	3	3	3	2
9	7	8	10	10	10	11	11	11	11	10	11	13	13	13	14	15	16	21	20	21	22	23	23	21	23	23	23	22	22	22	22	22	21	19	23	23	20	20	22
3	3	3	2	2	3	4	4	4	6	6	6	6	6	6	6	6	7	8	8	8	10	10	11	11	11	11	11	12	11	11	9	8	8	8	6	7	7	7	8
32	35	40	41	39	42	45	44	45	47	47	49	50	55	55	54	55	55	59	62	62	66	65	67	65	63	63	66	66	66	67	64	68	67	66	64	62	63	61	66
0	0	0	0	0	0	0	0	0	0	0	1	2	2	2	2	3	3	4	4	4	4	4	4	4	5	5	7	7	7	7	6	7	7	7	8	8	6	7	8
1	0	0	0	0	0	0	0	0	1	1	1	1	1	1	1	1	1	3	3	4	4	4	4	4	4	4	4	5	6	6	6	6	6	6	6	6	5	5	5
1	1	1	0	0	0	0	0	0	0	0	0	0	0	0	1	2	2	3	3	3	4	4	4	4	4	4	4	5	6	6	6	6	6	6	6	6	5	5	5
0	1	1	1	1	1	1	1	1	1	1	1	1	1	1	1	1	1	2	2	2	4	4	4	4	4	4	4	4	5	6	6	6	7	8	8	8	7	6	6
0	0	0	0	0	0	0	0	0	0	0	0	0	0	0	1	1	1	1	1	1	3	3	3	3	3	3	3	3	3	3	3	3	3	3	3	3	3	3	3
0	0	0	0	0	0	0	0	0	0	0	0	0	0	0	0	0	0	2	2	2	2	2	2	2	3	3	3	3	3	3	3	3	3	3	3	3	3	3	3
40	40	40	38	36	35	33	33	33	31	32	29	33	38	40	51	53	56	59	62	65	68	68	68	69	67	67	64	68	69	74	83	90	94	94	92	91	90	89	86
0	0	0	0	0	0	0	0	0	1	1	1	1	1	1	1	1	1	3	3	3	3	3	3	3	3	3	3	3	3	3	3	4	4	4	4	4	4	4	4
0	0	0	0	0	0	0	0	0	0	0	0	0	0	0	0	0	0	1	1	1	2	2	2	2	2	2	2	2	2	2	2	2	2	2	3	3	2	2	2
0	0	0	0	0	0	0	0	0	1	1	1	1	1	1	1	1	1	3	3	3	3	3	3	3	4	4	4	4	4	4	4	4	3	3	2	2	3	4	4
14	14	14	13	12	12	15	18	17	18	21	23	23	25	25	27	29	31	32	33	34	35	35	35	35	35	36	37	36	37	35	33	35	33	32	31	30	31	29	31
0	0	0	0	0	0	1	1	1	1	1	1	1	1	1	1	1	1	2	2	2	3	3	3	3	3	2	2	2	2	2	2	2	2	2	2	2	2	2	2
0	0	0	0	0	1	2	2	2	2	2	2	2	3	3	3	4	4	6	7	7	7	7	7	7	7	5	6	6	6	6	6	6	6	7	6	6	6	6	7
1	1	4	7	7	7	7	7	7	7	7	7	7	7	7	7	8	8	10	10	11	11	11	10	9	9	10	11	11	11	9	10	10	10	10	10	10	10	10	9
5	5	5	5	5	6	7	7	6	7	7	7	7	7	8	9	10	11	12	12	13	14	12	13	13	13	13	15	16	17	17	16	17	17	17	17	17	16	15	16
1	1	1	1	1	1	1	1	1	2	4	4	4	4	5	5	5	7	8	8	8	8	8	8	8	9	9	8	8	8	8	8	9	9	9	8	8	8	7	8
0	0	0	0	0	0	0	0	0	1	1	1	1	1	1	1	1	2	3	3	3	4	4	4	4	4	4	5	5	5	5	5	5	5	5	4	4	4	4	5
3	5	5	5	7	7	7	7	7	8	8	7	7	7	7	7	8	8	10	10	13	14	13	12	12	12	11	11	11	10	10	10	10	10	11	12	12	12	12	11
2	3	3	5	6	8	15	19	19	19	21	22	24	26	27	28	31	31	32	33	32	33	33	33	33	33	33	32	34	36	34	33	34	35	34	31	30	30	27	26
2	2	1	1	1	3	3	5	6	5	5	6	6	6	6	6	7	7	8	8	8	9	9	11	11	11	11	11	10	10	10	9	9	9	8	8	8	8	10	9
3	3	3	4	4	4	4	4	5	5	7	10	10	11	12	14	14	14	15	15	14	15	17	18	17	17	17	17	18	19	19	18	18	19	17	15	15	14	14	14
3	3	3	4	5	5	5	5	6	6	7	8	8	9	8	9	8	8	10	11	13	13	11	11	11	11	11	10	11	11	10	11	11	11	11	10	10	11	11	11
1	2	3	3	3	3	3	3	4	4	7	8	8	8	8	8	8	8	10	10	11	11	10	10	10	9	9	8	8	9	8	8	7	7	7	7	6	7	7	7
4	5	7	6	7	7	7	8	9	10	10	10	10	9	10	10	10	9	11	12	13	14	14	13	13	12	12	12	12	11	11	11	11	11	11	11	11	11	11	11
0	0	0	0	0	0	0	0	0	0	0	0	0	0	0	1	2	3	4	4	5	5	5	5	5	6	6	6	7	7	7	9	9	9	9	9	9	10	10	9
4	4	4	4	4	4	4	4	4	4	4	6	7	9	10	10	10	9	11	10	10	12	13	13	13	13	13	13	14	15	15	15	15	15	13	13	11	11	11	11
4	4	4	5	5	5	5	5	6	5	6	6	7	7	7	7	8	8	9	8	8	9	8	8	7	7	6	6	6	6	6	6	8	8	8	7	7	9	10	11
0	0	0	1	1	1	1	1	1	1	1	1	1	1	1	1	1	1	1	1	2	3	2	2	2	2	2	2	3	3	3	3	3	3	4	4	4	4	4	4
0	0	0	0	0	0	0	0	0	0	1	1	1	1	1	3	3	3	4	4	4	4	4	4	4	4	4	5	5	5	5	5	5	5	5	5	3	3	3	4
0	0	1	1	1	1	1	1	2	2	3	3	3	3	3	3	3	3	3	4	4	5	5	5	4	4	4	3	4	4	4	4	4	4	4	4	4	4	4	4
14	15	14	14	15	15	15	15	15	15	15	15	14	14	14	13	15	16	16	16	17	18	20	19	15	15	16	17	17	18	18	17	17	18	18	19	19	19	20	27
2	2	2	2	1	1	1	3	3	3	4	4	6	6	6	6	6	6	9	9	9	9	9	9	9	8	8	8	9	8	8	8	8	8	8	8	8	8	9	8
1	1	4	4	4	4	4	4	4	5	6	6	6	6	6	6	6	6	6	5	5	6	6	7	7	6	6	6	5	5	5	5	7	7	7	7	8	8	8	8
2	2	2	2	2	5	6	8	8	8	8	10	11	11	11	11	11	11	12	12	12	12	12	11	10	10	9	9	8	8	8	7	8	7	8	10	10	11	11	11
17	16	17	16	18	20	23	23	24	24	24	24	25	24	25	26	28	29	30	30	30	35	36	39	39	40	43	45	44	48	49	50	48	47	46	44	44	44	44	44
5	5	6	6	6	6	7	7	7	6	6	4	4	4	4	5	8	7	8	8	7	7	7	7	7	7	7	8	9	9	10	10	10	10	10	11	11	12	12	12
1	1	2	2	2	2	2	2	2	1	1	1	1	1	1	1	1	1	3	3	3	3	4	4	4	4	4	4	4	4	3	5	5	5	6	6	6	7	7	7
0	0	0	0	0	0	0	0	0	0	0	0	0	0	0	0	0	0	0	0	0	1	2	3	3	3	3	3	3	3	3	3	4	4	4	5	5	5	5	5
1	1	1	2	2	2	2	2	2	2	2	2	2	2	1	3	6	6	7	8	8	8	8	8	9	10	10	11	11	12	12	12	13	13	13	13	13	12	12	11
10	10	10	11	11	10	10	10	10	10	10	10	9	10	10	10	10	13	16	16	16	16	13	14	14	14	14	14	17	18	18	22	24	24	24	23	23	23	21	21
4	4	4	4	5	7	7	7	7	6	7	7	7	7	7	8	9	9	9	10	11	12	12	11	10	11	10	10	10	10	10	10	11	11	13	13	14	14	15	15
2	2	2	2	3	3	3	3	1	1	1	1	1	1	1	1	1	1	2	2	2	3	3	3	3	3	3	3	3	3	3	3	4	5	5	5	5	4	5	6
24	24	24	24	28	25	26	27	28	25	29	29	29	31	36	41	43	49	54	56	57	58	60	61	60	64	69	72	73	73	74	74	74	75	76	74	74	70	69	69
7	7	10	10	11	11	10	11	12	12	13	13	12	12	12	12	12	14	15	15	15	15	15	15	14	15	15	15	16	16	15	16	18	18	18	18	18	18	18	18
0	0	0	0	0	0	0	0	0	0	0	0	0	0	0	0	0	0	0	0	0	2	2	2	2	2	2	2	2	2	2	2	2	3	3	3	3	3	3	4
4	4	6	6	6	6	6	6	6	7	7	8	8	7	8	10	10	10	11	11	11	11	11	11	11	11	11	10	10	11	13	14	16	17	17	17	17	15	16	16
4	4	4	4	4	5	5	5	5	5	7	7	7	7	7	7	9	9	9	8	8	8	7	7	6	6	7	6	7	8	9	9	9	9	9	10	10	9	10	12
2	2	2	2	2	3	3	2	3	3	3	3	3	3	3	3	5	5	6	6	6	6	7	7	8	8	7	7	8	8	8	8	9	9	10	10	11	11	11	10
2	2	3	3	3	3	3	3	3	3	2	3	3	4	5	5	6	6	6	6	6	7	8	8	6	7	7	8	8	8	8	7	8	7	7	7	6	6	6	8
0	0	0	0	0	0	0	0	0	0	0	0	0	0	0	0	0	0	2	2	2	2	3	3	3	3	3	3	3	3	3	3	3	3	3	3	3	3	3	3
6	6	6	6	6	8	7	7	7	6	6	7	7	6	6	6	6	7	7	7	8	10	11	12	12	12	12	12	13	15	14	15	15	15	17	17	19	17	16	16
2	3	3	3	3	4	4	4	4	4	4	4	4	4	4	4	4	4	4	4	4	7	7	8	9	9	10	10	10	8	8	8	8	8	7	7	7	6	7	7
30	32	33	32	31	34	40	38	37	41	52	59	59	58	59	63	69	68	72	68	68	70	71	70	73	75	78	79	79	84	86	88	83	78	80	79	76	71	72	71
31	29	28	32	33	35	34	36	40	41	47	49	49	53	50	52	56	58	59	61	61	66	67	71	71	71	72	74	75	71	68	65	73	74	72	67	65	65	70	68
7	7	7	7	8	27	28	28	30	32	33	32	34	35	39	41	45	45	49	50	51	51	53	55	54	51	51	51	55	56	53	51	50	50	48	49	48	47	40	37
0	0	0	0	0	0	0	0	0	0	0	0	0	0	0	0	0	0	1	1	1	1	1	1	1	1	1	1	1	1	1	1	1	1	1	1	1	1	1	7
6	7	9	10	10	12	16	16	18	20	21	21	22	20	22	22	23	24	24	22	20	22	23	24	24	24	24	23	25	27	29	28	27	27	27	27	25	24	24	23
0	0	0	0	0	0	0	0	0	0	0	1	1	1	1	1	1	1	5	5	5	5	6	6	6	6	6	6	6	6	6	6	6	6	6	6	6	6	5	5
12	12	13	14	14	14	14	16	16	16	16	16	15	13	14	14	13	14	14	15	19	22	22	24	25	24	25	26	25	26	26	25	25	25	26	27	28	29	29	28
10	11	13	16	16	17	19	20	29	31	37	39	40	43	43	47	50	53	54	54	55	56	57	59	57	59	59	60	65	66	66	64	64	65	65	65	65	62	60	59
15	15	17	19	20	20	18	16	15	15	17	17	18	19	21	21	25	25	29	27	30	28	30	31	30	32	34	33	35	35	39	39	39	39	39	38	38	38	37	36
2	2	2	2	2	2	1	1	1	1	1	1	1	0	1	2	3	3	3	3	3	4	4	4	4	5	6	6	6	7	7	7	7	7	8	8	8	8	8	8
1	1	1	1	1	1	1	1	1	3	7	7	7	6	6	8	8	8	10	10	10	10	10	10	11	12	13	12	14	14	13	14	13	14	14	14	15	16	15	15
6	6	7	8	8	8	8	7	6	6	6	6	6	6	7	8	9	9	9	10	8	12	12	12	14	15	15	15	14	15	15	16	16	17	16	16	16	14	14	14
13	11	12	13	12	12	11	11	11	15	18	18	19	20	24	25	29	31	32	33	35	34	34	34	33	34	33	33	36	36	36	36	39	40	41	41	39	39	40	38
62	61	61	65	63	65	62	66	64	68	70	69	65	68	74	75	77	76	78	87	93	100	102	103	105	108	115	120	126	126	125	141	143	146	144	143	141	137	135	138
18	18	18	28	28	41	50	54	54	58	59	63	69	75	90	94	99	102	109	114	116	135	164	172	176	180	187	193	195	197	198	195	195	194	200	202	203	207	211	211
7	8	8	8	9	10	9	11	11	12	12	12	12	11	11	11	10	10	10	9	9	10	8	9	8	8	8	7	9	12	12	11	11	13	14	15	16	16	16	16
1	1	2	1	1	1	1	1	2	2	2	2	2	2	2	4	6	6	6	6	6	6	6	6	6	6	7	7	7	8	8	7	11	12	10	10	9	10	10	10
5	5	7	12	12	12	14	14	14	13	13	14	15	16	16	16	17	17	22	22	24	25	24	25	23	24	23	24	25	26	25	25	25	25	25	25	25	25	23	21
0	0	0	0	1	1	1	1	2	2	2	3	3	4	4	4	4	4	5	7	7	8	8	8	7	8	8	8	9	9	9	9	9	8	8	8	8	8	7	8
0	0	0	0	0	0	0	0	0	0	0	0	0	0	0	0	0	0	0	0	0	2	2	2	2	2	2	2	2	2	2	2	2	2	2	2	2	2	2	2
3	3	3	3	3	3	3	3	3	4	4	5	5	4	4	5	6	6	6	6	6	7	8	8	8	9	8	8	8	8	8	8	8	8	9	10	10	10	9	9
0	3	4	8	10	12	16	20	25	26	27	29	30	30	31	31	32	33	33	34	34	36	35	37	38	38	36	35	35	33	33	33	32	31	31	28	27	28	24	25
40	40	38	40	39	35	32	29	27	27	29	30	30	32	35	41	42	44	45	46	87	92	100	101	104	114	114	115	115	114	115	115	114	115	114	113	112	108	103	99
3	4	4	4	3	3	3	3	3	3	3	3	3	3	3	3	4	4	5	5	5	7	7	7	7	8	9	9	9	10	11	11	11	11	11	11	11	11	10	9
0	0	0	0	0	1	1	1	1	1	1	1	1	1	1	3	5	5	6	6	6	7	7	7	7	6	6	6	6	6	6	5	5	5	5	5	5	6	6	5
27	29	35	36	40	41	43	44	47	52	52	53	55	57	57	54	56	57	61	61	62	66	69	69	68	73	75	75	72	73	69	72	74	77	78	77	77	78	81	79
0	0	0	0	0	0	0	0	0	0	0	0	0	0	0	0	0	0	4	4	4	5	6	6	6	6	6	6	6	7	7	7	7	7	7	7	6	6	6	6
8	8	8	7	9	9	9	9	9	9	9	10	10	12	13	15	17	16	19	19	19	20	20	19	19	19	19	19	21	21	21	20	21	21	22	25	25	25	25	24
0	0	0	0	0	0	0	0	0	0	0	0	0	0	0	0	0	0	0	0	0	1	1	2	2	2	2	3	3	3	3	3	4	4	4	4	4	4	4	5
6	7	7	7	6	6	6	6	6	6	4	4	4	4	33	32	34	37	38	38	39	40	42	45	48	52	53	54	57	59	61	59	64	63	62	63	61	62	62	63
4	4	4	3	3	2	1	1	2	2	2	2	2	2	2	3	4	5	15	15	16	15	15	15	16	16	16	16	16	16	16	16	16	16	16	16	16	15	12	13
3	3	3	3	5	6	6	6	6	7	7	7	8	8	8	9	9	10	10	10	10	13	13	14	12	13	12	12	13	13	13	12	12	13	12	12	12	12	12	12
0	0	16	16	17	18	21	22	22	25	28	31	32	38	39	42	43	44	46	47	48	51	52	51	50	51	51	49	48	45	41	41	39	36	34	31	31	34	34	33
3	3	6	6	6	6	6	6	8	9	9	8	8	11	11	11	15	15	17	17	17	20	20	20	21	20	21	20	19	20	19	18	18	18	18	18	16	16	16	16
0	1	1	1	1	1	1	1	4	4	4	5	5	5	5	5	5	5	6	6	6	7	7	7	8	8	8	8	8	8	9	8	8	8	8	7	7	7	7	7
0	0	0	0	0	0	0	0	0	0	0	0	0	0	0	0	1	1	1	1	1	2	2	2	2	2	2	2	2	2	2	2	3	3	3	3	3	3	3	3
0	0	0	0	0	0	0	0	0	0	0	0	0	0	0	0	2	4	4	4	5	5	5	5	5	5	5	5	6	6	6	6	6	6	7	8	8	8	8	8
1	1	0	0	0	0	0	0	0	0	1	2	2	2	2	2	2	2	4	4	4	4	4	4	5	5	5	5	5	5	6	6	6	7	7	7	6	6	6	6
2	2	3	3	3	3	3	3	2	3	3	4	3	3	3	3	4	4	4	4	4	5	5	5	5	6	6	6	6	6	6	6	7	7	7	7	7	7	7	7
1	1	1	1	1	1	2	2	1	2	3	3	3	3	3	3	4	4	5	5	5	6	6	6	6	6	6	6	7	7	6	6	6	6	6	6	5	5	5	5
5	5	5	5	5	5	5	5	4	5	5	7	7	7	7	8	8	7	9	8	9	10	10	10	11	12	14	15	16	16	16	16	15	15	15	15	15	16	16	16
1	1	4	4	4	4	4	4	4	4	4	4	5	5	5	5	6	6	7	7	7	7	6	6	5	7	7	7	7	7	7	7	7	7	8	9	8	8	8	8
2	2	3	3	3	3	3	3	3	3	4	4	4	3	3	3	2	3	6	6	6	6	6	6	6	6	6	6	6	7	6	6	6	7	7	7	7	6	6	6
1	1	2	2	2	4	4	4	6	6	7	8	8	8	9	9	9	9	10	10	10	11	10	8	8	8	9	9	9	9	9	10	9	8	8	8	8	8	7	8
1	1	2	2	2	2	2	2	2	2	2	2	3	3	3	3	3	2	3	4	5	6	5	5	5	5	5	5	5	5	6	6	6	6	6	7	7	7	6	6
0	0	0	0	0	0	0	0	0	0	0	0	0	0	0	1	1	1	2	2	2	3	3	3	3	3	3	3	3	3	5	5	5	5	5	5	5	4	4	4
7	11	11	11	12	12	12	12	12	13	12	12	12	12	12	13	14	14	17	18	18	18	15	16	16	16	16	18	21	20	20	22	21	21	22	22	20	20	20	19
2	1	1	1	2	2	2	2	4	5	5	5	6	6	6	7	7	7	9	9	9	9	9	9	8	8	8	8	8	8	8	8	8	6	7	8	8	7	7	7
1	1	2	2	2	2	2	2	2	2	2	2	2	2	2	1	3	3	4	4	3	4	4	4	4	4	4	4	4	4	4	4	4	4	4	4	4	4	4	4
1	2	2	2	2	2	2	2	3	3	3	3	3	3	3	3	3	3	3	1	1	3	3	4	4	5	5	6	5	5	5	5	5	5	5	5	5	5	6	6
2	2	2	2	2	2	2	2	2	3	3	3	3	3	3	3	5	5	6	5	5	6	7	7	7	7	7	7	7	7	8	8	9	8	9	9	9	8	8	7
1	1	1	1	1	2	2	2	2	2	2	1	1	1	1	1	2	2	5	5	5	5	5	5	5	5	5	5	5	5	5	5	5	5	5	6	6	6	6	5
1	1	1	1	1	2	2	2	2	2	2	2	2	2	4	4	4	5	7	7	7	7	8	8	8	8	7	7	7	7	7	7	8	8	8	7	6	6	6	6
1	1	2	2	2	2	2	2	2	2	2	2	2	2	2	2	2	2	3	4	4	5	5	5	5	5	6	6	6	6	6	6	6	6	7	7	7	7	7	8
2	2	2	2	2	2	2	2	2	2	2	3	3	2	3	3	4	4	5	5	5	5	5	5	5	5	5	4	4	4	4	5	5	5	5	5	5	5	5	6
0	0	0	1	1	1	1	1	1	1	1	1	1	1	1	1	2	2	3	3	3	4	5	5	5	5	5	5	5	5	5	5	5	5	5	4	4	4	3	3
1	3	3	4	4	4	4	4	4	4	4	3	3	3	3	3	3	3	3	3	4	7	7	7	7	7	6	6	5	5	5	5	5	5	6	6	6	5	7	7
0	0	0	0	0	0	0	0	0	0	0	0	0	0	0	0	0	0	2	2	2	2	2	2	2	3	3	3	3	3	3	3	3	3	3	3	4	5	5	5
0	0	0	0	0	0	0	0	0	0	1	1	1	1	2	3	3	4	5	5	5	6	6	6	6	6	6	6	6	6	6	6	6	6	5	5	5	5	5	5
1	1	1	1	1	1	1	2	2	3	2	2	2	2	2	2	2	2	4	4	4	4	4	4	4	4	4	4	4	6	5	5	5	5	5	5	5	5	5	5
4	4	11	10	10	10	10	11	11	12	12	12	12	12	12	13	13	13	14	14	15	15	15	16	18	18	17	19	21	22	23	24	25	24	24	23	23	23	23	23
2	2	3	4	5	5	5	5	5	6	6	6	6	6	6	7	13	13	13	12	12	14	14	13	12	12	12	12	12	11	10	10	10	10	11	11	11	11	9	8
0	0	0	0	0	0	0	0	0	0	0	0	0	0	0	0	0	1	3	3	3	3	3	3	3	4	4	5	5	5	5	5	5	5	6	6	5	5	5	5
1	1	1	1	0	0	0	0	0	0	0	0	0	0	0	0	0	0	0	0	0	1	1	1	1	1	1	1	1	1	1	1	2	2	2	3	3	3	3	4
6	6	6	7	7	7	7	9	10	10	14	14	14	15	15	15	16	16	15	16	16	21	21	22	23	23	23	23	22	20	20	19	17	17	16	17	16	16	16	16
4	4	5	7	7	7	7	8	8	7	7	8	8	8	8	8	8	8	8	8	8	10	9	9	9	9	9	11	13	12	13	12	12	12	11	11	11	11	10	11
0	0	0	0	0	0	0	0	0	0	0	0	0	0	0	0	0	28	30	32	33	33	34	37	42	42	45	48	50	52	54	55	55	57	56	57	56	53	48	47
3	2	2	3	3	3	3	4	4	4	4	4	5	5	5	4	15	15	16	16	15	15	15	16	16	20	20	20	20	20	20	20	21	22	19	17	17	16	14	14
0	0	0	0	0	0	0	0	0	0	0	0	0	1	2	4	5	5	5	5	5	7	7	7	7	8	8	8	8	8	8	8	8	8	8	7	7	7	7	7
0	0	0	0	3	4	4	4	4	4	4	4	4	4	4	5	7	7	7	7	7	9	9	7	7	7	6	6	6	6	6	5	5	6	6	4	4	4	4	5
5	6	7	7	9	9	9	12	13	12	13	14	14	15	15	16	14	15	19	19	19	19	19	19	19	21	21	22	23	22	22	21	21	20	19	21	18	17	16	15
0	0	0	0	0	0	0	0	0	0	0	1	1	1	1	1	4	5	5	5	5	5	5	5	5	8	8	8	8	8	8	7	8	8	8	8	7	7	7	6
0	0	0	0	0	1	1	2	2	2	4	4	4	4	4	4	5	5	6	6	6	6	7	7	6	6	6	6	6	6	7	7	7	7	8	9	7	6	6	6
4	4	4	3	3	3	4	4	4	3	3	3	2	2	2	3	3	3	3	3	3	5	6	6	6	7	7	8	8	8	9	10	10	10	10	10	10	10	9	10
0	0	0	0	0	0	0	0	0	0	0	0	0	0	3	5	5	6	7	7	8	9	9	9	9	9	9	9	10	10	11	13	13	12	12	10	9	9	9	8
46	46	49	47	45	46	43	41	40	38	37	35	36	47	48	48	55	52	55	59	59	62	62	62	66	65	68	71	70	76	77	78	86	88	92	93	93	96	96	96
6	6	14	15	17	19	19	19	22	23	23	24	23	23	23	23	24	23	24	24	26	26	28	28	27	27	26	26	28	29	29	29	28	28	28	29	29	29	29	29
0	0	0	0	0	0	0	0	0	0	0	0	0	0	1	1	1	1	3	3	3	3	3	3	3	4	4	5	5	5	5	6	7	7	6	6	6	6	6	6
0	0	0	0	0	0	1	1	1	1	1	1	1	1	1	2	2	2	3	3	3	4	4	4	4	4	4	4	4	4	3	3	3	3	3	3	1	1	2	2
40	43	39	43	47	53	54	57	61	65	69	81	80	82	81	84	84	86	91	92	93	99	100	101	102	103	105	108	112	121	127	128	130	130	129	127	128	127	122	121
14	13	16	15	15	16	17	17	17	15	15	15	16	19	19	19	20	21	25	26	25	26	26	26	25	24	25	26	26	31	31	28	28	31	33	33	33	33	32	35
3	3	5	6	6	7	9	9	9	9	9	8	8	8	8	8	8	8	15	15	15	15	15	15	14	15	15	15	16	15	15	15	14	15	14	13	13	10	10	8
2	2	2	2	2	2	2	2	2	3	3	3	3	3	3	3	3	2	3	3	3	4	4	4	4	4	4	4	4	3	3	3	4	4	4	4	3	4	4	4
39	38	39	39	37	41	41	40	43	42	42	44	46	45	49	52	56	57	72	72	75	77	79	79	77	74	75	77	77	80	79	82	82	84	85	86	87	86	86	86
39	37	36	34	70	80	83	85	95	94	97	97	97	95	97	99	100	106	112	114	118	127	132	134	137	140	144	143	141	143	140	139	137	138	134	135	132	129	124	119
3	4	4	5	6	7	7	7	7	7	7	8	9	10	12	21	25	30	29	30	31	34	34	36	40	40	40	40	41	41	42	40	40	41	40	36	36	37	39	38
7	120	302	315	319	336	350	373	386	396	412	421	440	455	483	486	495	496	511	513	496	511	496	480	468	472	462	452	425	421	452	441	443	443	439	446	454	458	452	452
2	2	2	3	3	5	5	5	5	6	6	6	6	6	7	7	8	8	9	9	10	12	12	12	13	13	12	12	13	14	14	13	14	14	14	14	13	13	13	14
0	0	22	22	24	24	25	28	28	28	29	29	31	34	35	38	40	40	40	40	39	39	41	39	38	37	35	34	31	30	30	30	31	31	31	31	29	28	28	27
6	7	9	9	10	9	9	9	10	10	11	11	11	11	11	11	14	14	16	16	16	17	15	14	13	13	12	12	12	12	11	10	11	13	13	13	13	15	16	15
0	0	0	0	0	0	0	0	0	0	0	0	0	0	0	0	1	1	2	2	2	2	2	2	2	2	2	2	2	3	3	3	4	4	4	4	5	5	4	4
0	0	0	0	0	0	0	0	1	1	1	1	1	1	1	1	1	1	1	1	1	3	3	3	3	3	3	3	3	3	3	3	3	3	3	3	3	3	3	3
4	4	4	3	1	2	2	4	3	3	5	6	7	7	8	8	9	10	11	11	11	12	12	12	13	13	13	12	12	13	14	14	13	13	13	13	13	13	14	14
0	0	0	0	0	0	1	1	1	1	1	1	1	1	1	1	1	1	3	3	4	4	4	4	4	5	5	5	5	5	5	5	5	5	5	5	5	5	5	6
2	2	66	69	83	92	98	100	102	106	107	109	113	114	119	119	121	123	125	127	124	125	125	127	121	117	115	112	109	102	97	97	96	93	91	90	90	87	84	74
1	1	1	1	1	1	1	1	1	2	1	1	1	1	1	1	6	6	6	6	7	7	7	7	7	7	8	9	9	9	9	9	10	10	9	9	9	8	7	8
6	6	6	5	5	5	6	8	9	8	10	12	12	12	12	12	12	11	14	13	14	13	14	14	14	14	14	14	16	15	15	15	16	20	20	20	19	18	16	16
3	3	3	3	3	7	9	9	9	11	9	10	10	10	10	10	10	10	12	13	13	13	12	12	12	13	13	13	12	12	9	9	11	13	13	12	12	11	11	11
1	1	1	1	1	1	0	0	0	0	0	0	0	0	0	0	0	0	2	2	2	2	2	3	3	4	4	4	4	5	5	5	5	5	5	5	4	3	3	3
0	0	0	0	0	0	0	1	1	1	3	3	3	4	4	4	4	4	5	5	5	5	5	5	5	5	5	5	5	5	3	3	4	4	6	6	5	5	5	5
0	0	0	0	0	0	0	0	0	0	0	0	0	0	0	0	0	0	2	2	2	2	2	2	3	3	3	3	3	3	3	4	4	4	4	4	4	4	4	4
43	41	41	40	40	36	53	152	154	189	189	194	199	207	219	232	237	249	272	293	318	339	355	360	369	379	391	388	383	377	374	383	390	387	387	380	379	375	367	367
0	0	0	0	0	0	0	0	0	0	0	1	2	2	2	2	3	5	5	5	5	6	6	7	7	7	7	7	7	6	6	6	7	7	7	7	6	6	5	5
2	2	2	2	2	2	2	2	2	2	2	2	2	2	1	2	4	6	7	7	7	7	7	7	8	8	7	7	8	8	8	8	8	8	8	9	10	10	10	9
1	1	1	1	1	1	1	1	1	0	0	0	0	0	0	0	1	1	2	2	4	4	4	4	4	4	4	4	4	4	4	4	4	4	4	4	4	4	4	4
4	7	27	28	28	30	34	34	34	33	34	33	34	34	35	35	35	35	36	37	38	37	39	39	37	35	28	28	28	27	28	29	30	31	31	32	31	35	34	35
1	1	1	1	0	0	0	0	0	0	0	0	0	0	1	1	1	1	1	1	1	3	3	3	3	3	3	3	3	4	4	4	4	4	4	3	3	3	3	5
7	8	9	10	11	11	11	11	13	14	15	15	15	15	16	17	17	16	21	20	19	20	20	20	23	24	25	25	24	25	26	26	24	23	23	21	22	21	21	21
2	2	2	2	2	3	3	3	3	3	3	3	2	2	2	2	2	2	2	2	2	3	1	1	2	2	2	2	4	4	5	5	5	5	6	6	6	6	6	6
6	8	8	8	9	10	10	10	11	11	11	10	10	10	10	13	14	12	13	14	14	15	15	15	17	17	15	16	15	15	15	16	17	15	16	16	16	16	14	15
6	5	40	44	47	49	51	53	57	58	62	65	72	73	75	76	77	78	80	82	82	82	79	78	74	72	67	69	71	70	67	66	65	62	62	59	60	59	62	61
11	38	504	739	746	785	807	845	887	894	952	966	986	1005	1028	1075	1090	1122	1165	1210	1226	1234	1223	1215	1200	1194	1191	1167	1132	1118	1114	1096	1080	1053	1035	997	941	874	795	726
93	96	102	101	97	102	100	99	102	103	102	108	110	103	109	111	115	121	145	163	169	171	178	188	191	196	204	207	207	203	202	204	205	205	205	199	197	194	197	196
15	17	19	19	19	19	21	23	24	23	26	26	26	28	28	28	33	36	37	38	38	39	40	38	36	36	37	37	40	40	41	42	43	42	40	39	42	44	44	44
186	203	204	200	208	214	213	217	233	256	254	255	256	257	297	325	334	348	368	375	381	397	405	404	402	394	396	393	392	387	388	399	415	423	430	445	443	447	445	439
13	16	171	178	185	199	203	218	227	233	246	252	265	268	275	280	282	281	284	292	292	300	303	286	278	269	240	225	210	194	179	176	157	139	131	124	118	111	107	104
9	9	9	10	10	11	11	11	14	14	16	18	18	18	18	18	20	20	20	21	21	23	24	24	24	25	25	24	22	24	24	24	24	24	24	24	24	24	23	23
18	19	18	17	17	17	21	21	20	20	21	23	24	28	30	31	34	34	38	41	42	42	43	44	44	43	43	43	42	44	45	45	49	51	52	51	51	50	50	50
21	22	23	23	24	26	25	23	22	21	20	20	20	21	21	22	24	26	37	38	41	43	44	45	44	45	46	46	46	47	47	48	48	49	46	46	45	44	44	45
1	1	1	1	1	1	0	1	1	1	2	2	2	2	2	2	2	3	4	4	4	6	6	6	6	6	6	6	6	6	6	7	7	7	7	6	6	6	6	7
11	11	11	11	26	38	44	46	51	54	59	61	61	65	66	67	72	75	80	82	81	81	82	84	82	84	81	81	83	84	85	83	87	86	84	80	80	80	80	75
0	0	1	1	1	1	1	2	3	3	3	4	4	4	4	4	4	4	4	4	4	5	4	4	4	4	5	5	5	4	4	4	5	5	5	5	4	4	4	4
0	0	0	0	0	0	0	0	0	0	0	0	0	0	0	0	0	0	2	2	2	2	2	2	2	2	2	2	2	2	2	2	2	2	2	2	2	2	2	2
10	10	13	15	15	17	17	25	26	29	33	33	33	34	34	34	35	34	36	37	37	37	38	39	38	37	34	32	31	32	33	32	32	31	31	30	29	28	28	26
15	16	15	15	14	14	13	13	18	18	17	17	15	16	16	17	17	20	20	21	27	26	30	34	36	38	41	42	44	46	48	45	54	54	53	54	54	57	56	56
30	37	38	40	43	43	43	44	45	48	51	51	50	54	56	59	64	63	65	68	68	68	69	72	71	73	75	74	78	81	83	83	84	85	88	89	88	89	91	93
3	3	3	4	4	5	6	10	10	11	11	13	12	12	10	10	11	10	11	12	13	14	14	15	15	15	15	15	14	14	14	11	11	11	11	11	9	6	7	8
0	0	0	0	0	0	0	2	2	2	2	2	2	4	5	9	10	10	11	13	13	14	14	15	15	16	15	15	16	16	16	16	16	15	14	14	14	14	15	14
1	1	1	1	1	1	1	1	2	3	3	3	2	2	2	2	2	3	4	4	4	5	5	4	4	4	4	4	4	4	5	5	5	5	5	5	5	5	5	6
0	1	1	1	1	1	1	1	2	2	2	2	2	2	2	2	2	3	4	4	4	4	4	4	4	4	4	4	4	3	3	3	5	6	6	6	6	5	5	5
1	1	1	1	1	1	4	14	14	15	17	17	17	18	18	21	22	22	22	23	23	24	24	24	26	26	26	21	21	21	21	22	22	22	21	20	19	18	17	16
33	33	34	34	41	47	48	51	55	56	56	59	62	65	68	71	73	74	77	73	71	80	81	81	84	87	90	89	87	86	82	83	83	81	79	75	72	69	69	66
0	0	0	0	0	0	0	0	0	0	0	0	0	0	0	0	0	0	1	1	1	2	2	3	3	3	3	3	3	3	3	3	3	3	3	4	4	4	4	4
100	107	750	768	820	846	898	1014	1132	1175	1211	1218	1250	1270	1288	1322	1353	1367	1384	1401	1409	1388	1366	1359	1367	1309	1290	1301	1314	1271	1282	1279	1233	1199	1246	1236	1245	1264	1310	1369
0	0	0	0	0	1	1	1	9	9	9	10	11	11	12	12	12	12	13	14	14	14	14	15	15	15	16	15	14	12	12	11	10	11	13	14	14	15	15	14
0	0	0	0	1	1	1	1	1	1	2	2	2	2	2	2	3	3	5	5	5	6	6	6	6	7	7	8	9	9	9	9	8	8	8	8	7	7	6	5
6	7	7	7	8	8	8	8	9	8	10	9	9	9	9	9	9	9	12	13	13	14	16	16	15	16	16	16	17	17	17	17	15	15	15	15	14	15	15	15
5	5	5	6	6	7	7	7	7	7	6	6	6	7	7	6	7	7	8	8	10	10	10	10	9	9	10	10	11	12	12	12	12	12	12	12	12	12	12	14
5	5	6	7	7	7	7	11	11	10	10	10	10	10	10	11	13	14	14	14	13	16	16	16	16	16	15	14	14	14	15	16	17	15	17	14	14	16	15	12
4	4	5	5	5	5	6	7	9	9	9	9	9	8	8	8	8	7	7	7	12	13	14	15	15	15	14	14	15	15	15	15	15	15	15	14	14	15	14	14
10	19	19	20	19	19	19	19	19	19	20	21	26	32	34	35	40	41	42	44	54	57	59	60	62	67	70	72	76	76	76	74	77	75	74	73	70	70	70	65
40	41	40	38	49	68	70	70	80	84	84	95	98	98	103	108	110	114	114	115	119	119	120	123	115	109	107	102	119	113	116	115	117	121	124	125	126	125	122	129
3	3	3	9	11	11	11	10	10	9	9	10	10	12	13	14	16	17	17	18	21	25	24	24	24	24	27	27	27	27	27	25	25	25	25	27	27	27	29	28
1	1	1	2	2	31	32	32	32	32	33	33	34	34	34	34	36	37	37	37	38	38	38	37	35	33	32	29	29	29	27	24	23	24	22	18	19	16	16	18
1	1	1	1	0	0	2	2	3	3	4	4	4	4	4	4	4	4	6	6	6	6	7	6	6	6	6	5	5	5	5	5	6	7	7	7	6	7	8	7
5	9	9	9	10	10	10	11	12	12	12	12	13	13	13	13	14	16	17	17	17	20	19	20	20	18	18	19	19	19	18	16	17	17	18	18	18	16	16	14
1	1	2	3	4	4	4	4	4	4	4	4	4	4	4	4	5	5	5	4	4	4	5	7	7	7	7	7	8	9	8	9	11	11	11	12	12	12	12	12
2	2	3	3	3	3	3	2	2	2	2	3	3	4	4	4	4	4	4	4	5	7	6	6	6	7	7	7	7	7	7	7	7	7	7	7	7	6	6	6
3	4	5	6	6	9	9	8	8	8	8	8	8	8	7	7	8	8	10	10	10	10	10	10	10	10	10	10	10	10	10	10	11	11	11	11	11	11	11	11
0	0	0	0	0	0	0	3	7	7	7	7	7	7	7	7	7	7	7	7	7	7	7	7	7	7	7	4	5	8	7	7	8	7	7	7	7	8	8	8
85	89	96	99	105	192	200	230	237	246	251	259	267	283	288	292	305	310	310	312	316	332	332	336	342	344	331	332	325	319	307	305	300	286	278	268	261	242	227	212
19	42	80	83	84	85	89	89	90	98	99	104	108	111	114	118	119	123	128	127	128	126	124	118	108	107	103	111	117	115	118	124	122	128	132	135	137	145	147	144
3	3	9	8	9	11	14	17	19	19	20	20	20	22	25	24	26	26	29	29	30	32	34	37	37	36	36	37	36	35	33	31	30	30	30	28	27	22	22	21
5	6	7	7	7	7	7	8	8	8	8	8	8	8	7	8	10	9	11	11	11	13	13	13	12	13	13	13	15	15	14	15	16	16	16	15	13	13	13	12
0	0	0	0	0	0	0	0	0	0	0	0	0	0	0	0	0	0	3	3	3	3	3	3	3	3	3	3	3	3	3	3	3	3	3	3	3	3	4	4
14	14	14	14	23	30	80	118	128	136	135	155	159	165	168	172	175	177	183	185	187	190	191	198	195	195	186	172	168	160	152	150	147	146	136	133	117	110	107	107
4	4	4	4	5	5	7	8	8	7	12	29	30	35	37	39	43	43	45	47	47	48	48	49	49	49	49	50	49	49	51	50	54	51	50	48	47	45	42	41
14	16	16	17	18	18	19	20	19	19	18	19	21	20	20	19	19	21	22	20	19	24	24	24	23	22	22	19	19	19	19	19	19	19	20	24	28	27	30	31
14	15	16	16	18	19	19	20	20	19	21	20	21	23	22	23	25	24	23	25	28	40	39	41	42	42	43	44	44	44	43	45	45	46	49	48	47	48	46	41
5	6	12	26	27	30	30	31	32	32	35	37	37	37	38	39	39	42	42	42	42	44	42	41	39	37	38	35	34	33	32	30	32	28	28	25	24	21	21	22
10	10	10	9	10	10	10	10	11	11	11	11	10	10	10	10	10	10	8	4	4	4	4	4	4	4	4	4	4	2	5	6	14	17	19	19	21	21	21	22
1	1	1	1	1	0	0	0	0	0	1	1	1	1	1	2	2	2	2	2	3	5	5	5	5	5	5	5	6	6	6	6	7	7	7	7	6	6	6	6
10	10	11	11	11	11	11	13	11	11	11	14	14	13	13	14	14	15	17	16	16	17	18	18	20	20	20	20	21	22	20	21	20	21	21	21	21	21	22	23
0	0	0	0	0	0	0	0	0	0	0	0	1	1	1	8	8	8	9	10	10	10	12	12	12	12	14	14	14	14	14	14	15	15	14	13	13	13	12	13
0	0	0	0	0	0	1	1	1	1	1	1	1	1	1	1	1	1	4	4	4	5	5	5	5	5	5	5	5	4	4	4	4	4	4	4	4	4	4	4
6	6	6	5	5	5	5	5	4	4	5	5	5	5	7	7	9	9	11	11	12	13	14	14	14	14	15	16	16	16	16	16	16	18	19	21	21	21	20	19
94	93	91	81	77	75	77	81	109	116	137	139	140	146	157	171	174	175	187	191	191	195	209	208	212	215	218	221	214	220	211	220	216	218	219	212	211	209	210	211
26	26	29	29	31	32	35	40	87	90	100	109	111	113	117	122	124	125	133	133	135	134	138	144	147	147	140	138	136	134	130	129	130	126	118	113	103	97	95	84
0	0	0	0	0	0	0	0	0	0	0	0	0	0	0	0	0	0	3	3	3	3	4	4	5	5	5	5	5	5	5	5	5	5	5	5	5	5	5	3
0	3	11	11	13	13	14	16	17	18	18	19	21	23	24	26	26	27	29	28	30	31	32	32	32	33	35	39	39	40	40	41	40	41	42	42	41	39	38	36
7	7	9	10	13	13	12	14	14	14	14	13	13	13	14	14	14	13	14	14	15	16	14	13	13	15	15	14	14	12	13	11	13	13	12	12	12	12	13	15
1	1	1	1	2	2	2	2	2	2	2	2	2	1	2	2	3	4	5	6	6	7	7	8	7	7	7	7	7	7	7	7	8	8	7	6	6	6	7	7
0	0	0	0	0	0	0	0	0	0	5	6	6	6	6	7	7	7	9	9	9	10	10	10	10	10	11	11	10	11	11	11	12	11	11	10	10	9	10	11
0	0	0	0	0	3	3	3	3	4	5	6	8	8	8	8	11	14	14	14	14	15	15	16	15	15	14	14	14	13	12	13	12	13	14	14	14	13	13	13
4	3	3	4	4	4	4	4	6	6	6	7	8	8	9	9	10	9	12	12	12	12	13	13	13	11	11	10	10	10	10	9	10	11	13	13	12	13	13	14
5	5	5	5	6	5	5	5	5	5	5	5	4	5	6	7	8	8	11	11	12	13	13	14	14	14	14	14	14	14	15	15	14	15	15	14	14	14	13	13
24	24	24	25	27	27	28	27	27	28	31	34	37	52	55	54	57	59	65	63	67	72	75	72	71	70	69	69	72	73	75	78	77	77	80	79	75	76	76	76
9	11	14	14	14	15	14	14	15	15	16	16	17	17	17	16	16	16	17	18	19	19	18	20	20	21	20	20	20	19	19	18	20	20	20	20	20	20	20	21
5	5	5	7	6	6	6	7	7	7	7	7	7	8	9	10	14	14	18	19	21	20	20	19	19	18	19	19	18	17	17	17	18	18	17	19	20	20	18	18
4	4	4	3	4	4	4	4	5	5	5	5	4	4	5	5	6	6	6	6	6	7	7	9	8	10	11	11	12	12	13	13	13	13	12	12	11	11	11	11
8	8	9	6	5	5	6	6	7	9	9	9	8	7	8	11	16	16	18	18	18	18	18	20	20	19	19	21	22	22	23	23	23	22	21	20	19	21	21	19
1	0	0	0	1	1	1	1	2	2	2	2	2	2	2	2	3	3	4	5	5	6	7	7	7	7	7	7	7	7	7	7	7	6	7	7	7	7	7	8
7	6	6	6	6	6	6	6	3	3	3	2	2	2	2	2	3	3	4	4	4	4	4	4	5	5	5	5	5	7	8	8	9	11	14	16	17	17	17	18
1	1	1	1	1	1	1	1	1	1	1	1	1	1	1	3	8	10	10	10	12	12	12	12	12	11	11	12	12	12	12	12	12	13	12	12	11	10	10	10
0	0	0	0	0	0	0	0	0	0	0	0	0	0	0	11	11	12	12	12	14	15	16	16	18	19	20	20	21	21	21	21	22	23	22	22	21	21	21	21
0	0	0	0	0	0	0	0	0	0	0	0	0	0	0	0	0	0	1	1	1	1	2	2	2	2	2	2	3	3	3	3	4	4	4	4	4	4	4	4
1	3	5	6	6	6	6	7	7	7	7	7	7	7	8	8	8	8	8	8	8	9	10	11	10	10	10	11	11	10	10	10	10	11	13	15	15	16	16	16
0	0	0	0	0	0	1	2	4	4	4	4	4	4	4	6	6	7	8	8	8	8	8	8	8	8	8	9	9	8	8	8	9	11	11	11	12	10	10	11
3	3	3	3	3	2	2	1	2	2	2	4	4	4	4	4	3	3	22	22	24	25	25	27	27	28	28	31	32	34	35	35	36	38	38	38	38	39	39	38
7	7	7	7	6	6	6	6	6	6	5	4	4	3	3	2	2	2	4	4	5	6	10	12	16	17	19	19	20	20	20	21	21	22	22	23	23	24	23	23
4	4	6	6	6	8	8	9	9	9	10	10	10	10	10	10	12	13	14	14	14	15	15	15	15	14	13	15	15	14	15	15	15	16	16	15	15	15	15	16
13	15	16	16	16	19	21	25	27	28	36	39	44	46	44	47	46	48	51	50	50	51	52	51	53	53	53	52	55	58	57	57	56	57	55	52	49	48	48	46
6	7	7	9	9	9	9	10	11	11	11	12	12	14	16	21	22	22	23	24	24	26	29	31	32	31	33	34	34	36	34	34	36	35	36	35	33	32	32	31
0	0	0	0	0	0	0	1	1	2	4	5	5	5	5	6	6	7	9	10	11	12	12	12	12	12	12	13	13	12	12	12	12	12	12	12	11	10	9	8
9	10	10	9	8	8	9	9	10	9	8	9	10	11	10	10	10	10	11	11	11	13	13	14	13	13	14	13	12	12	12	13	16	16	19	18	17	17	19	20
15	17	20	20	21	23	29	29	29	27	29	29	29	28	32	33	34	33	38	38	39	40	39	39	41	42	43	44	44	48	48	48	48	45	46	47	43	41	41	39
2	3	3	3	3	3	4	4	4	3	4	4	4	4	4	4	5	5	5	5	5	8	8	9	9	9	9	9	8	8	8	8	7	7	7	6	7	7	7	6
3	4	5	5	5	5	6	6	7	6	6	6	6	6	6	6	6	7	8	8	8	9	9	8	9	9	9	9	9	10	11	12	13	13	13	14	12	12	12	12
2	2	2	2	2	2	2	2	2	2	2	2	2	5	5	4	6	6	7	7	7	8	8	8	8	8	8	8	8	9	10	10	11	11	11	9	9	9	8	8
15	15	15	15	17	18	28	31	33	34	36	38	40	41	41	43	43	46	50	51	54	54	54	52	52	51	51	48	47	44	44	49	50	48	50	48	46	45	43	45
1	1	1	1	1	2	2	3	4	4	4	5	4	4	4	4	4	4	6	6	6	6	6	6	6	6	6	6	6	7	6	7	7	6	6	6	6	6	6	7
0	0	0	0	0	0	0	0	0	0	0	0	0	0	0	3	4	4	5	6	6	6	6	7	7	7	8	8	8	8	8	8	8	7	7	7	7	7	7	7
0	0	0	0	0	0	0	0	0	0	0	0	0	0	0	0	0	1	3	3	3	3	3	3	3	3	3	4	4	4	4	4	4	5	5	5	5	5	5	5
1	1	1	1	2	2	2	2	2	2	2	2	2	1	2	4	6	6	6	6	6	6	6	6	6	6	5	5	6	6	3	3	4	4	4	4	4	4	4	4
12	13	12	13	13	12	12	43	45	48	48	49	51	51	51	52	52	53	55	58	58	63	65	65	65	65	66	64	64	65	64	62	61	59	57	49	48	44	44	43
0	0	0	0	0	0	0	0	1	3	6	7	7	8	10	11	11	11	13	14	14	14	15	15	15	15	15	15	15	15	15	14	14	13	14	13	12	12	13	13
16	13	17	22	23	27	32	36	36	37	38	40	44	49	51	60	62	63	66	66	66	66	67	66	64	65	63	62	64	60	60	63	68	69	63	61	59	58	60	59
0	0	0	0	0	0	0	0	0	0	0	0	0	0	2	4	5	5	5	6	6	7	8	10	11	12	12	13	15	16	16	16	17	17	17	16	16	16	14	15
4	22	697	870	1017	1095	1144	1206	1224	1262	1291	1326	1350	1383	1447	1466	1494	1510	1539	1572	1634	1574	1486	1500	1468	1478	1401	1386	1402	1384	1382	1376	1397	1410	1419	1455	1482	1481	1466	1510
2	2	2	2	1	2	2	2	3	3	3	3	3	3	3	3	3	3	3	3	3	5	5	5	5	6	7	7	7	7	9	9	9	9	9	8	8	7	7	7
1	1	1	1	1	1	1	1	1	1	1	1	0	0	1	4	4	4	6	6	6	7	7	7	7	7	7	7	7	7	7	7	7	7	7	7	8	7	7	8
2	6	41	48	53	53	60	64	64	69	69	72	73	79	87	90	92	97	96	98	99	102	104	104	104	103	100	105	108	112	102	103	106	105	102	101	97	96	101	98
0	0	6	6	6	8	8	10	10	10	11	12	12	14	14	14	15	16	17	17	17	18	18	16	16	15	13	12	12	12	12	12	11	11	10	10	8	7	7	7
0	0	0	0	0	0	0	0	0	0	0	1	1	1	1	1	1	1	2	2	2	3	3	3	3	3	3	3	3	3	3	2	2	2	2	2	2	2	2	2
0	0	0	0	0	7	7	8	10	10	10	11	12	12	12	16	16	16	16	16	16	16	16	16	16	16	15	15	15	15	14	14	14	16	16	17	18	17	16	16
1	1	1	1	1	1	1	1	1	1	1	0	0	0	0	0	0	0	1	1	1	2	2	2	2	2	2	3	4	4	4	4	4	4	4	4	5	5	5	5
0	0	0	0	0	0	0	0	0	0	0	1	1	1	1	1	2	2	2	2	4	5	5	5	5	5	5	5	5	5	5	5	5	4	4	4	4	4	4	4
0	0	0	0	0	0	2	2	2	3	3	3	3	3	3	3	3	4	4	4	4	5	6	6	5	5	4	3	3	3	3	3	4	4	5	5	5	6	6	7
325	319	337	561	718	903	932	973	992	1000	1007	1027	1040	1048	1091	1094	1115	1138	1156	1166	1194	1238	1220	1223	1221	1243	1240	1280	1357	1325	1330	1331	1317	1304	1308	1301	1300	1312	1278	1235
432	435	491	518	534	546	549	561	561	584	600	616	629	650	684	703	717	724	757	747	754	794	800	840	861	854	840	831	848	849	870	893	871	879	886	891	900	938	916	908
11	15	60	393	542	1102	1199	1269	1323	1469	1475	1552	1607	1640	1691	1731	1800	1819	1862	1917	1958	1972	1979	1993	1946	1949	1878	1820	1787	1782	1772	1732	1678	1570	1502	1437	1385	1336	1270	1264
3	3	3	3	3	3	4	4	4	5	7	7	7	5	4	5	6	6	6	7	7	8	8	8	8	7	6	6	6	6	6	6	7	7	8	7	7	7	8	9
5	5	5	6	8	8	7	7	7	10	11	11	11	11	11	12	12	12	14	14	14	15	15	15	12	13	13	13	12	12	12	12	15	14	14	16	17	15	15	15
5	6	6	5	5	6	6	6	6	7	8	8	5	5	6	6	6	6	5	5	7	9	10	11	11	12	11	11	11	10	9	9	9	11	11	11	11	12	12	11
0	0	0	0	0	0	0	0	0	0	4	4	4	5	5	5	5	6	6	7	10	11	13	14	14	15	15	15	15	15	15	15	15	13	13	13	14	14	13	13
6	7	6	12	12	14	14	16	15	16	19	18	18	18	19	23	23	26	26	27	27	27	26	25	24	25	24	22	21	19	19	20	25	26	27	27	30	31	32	33
96	99	101	99	101	105	99	102	107	107	108	115	113	116	124	125	125	135	138	134	144	148	144	148	149	149	150	151	157	164	164	169	173	187	183	188	191	196	196	204
6	10	96	104	104	109	113	122	126	132	142	146	146	150	153	161	165	165	169	177	179	182	183	186	188	179	171	160	158	162	165	159	150	145	141	136	130	124	118	115
18	18	18	18	21	22	22	20	19	17	17	17	16	15	16	18	14	16	14	14	15	16	19	17	19	21	20	20	29	33	35	35	39	40	40	40	39	39	41	46
3	4	4	4	4	4	4	4	3	4	5	5	5	4	4	4	4	4	6	6	6	6	5	5	6	6	6	5	5	5	5	5	6	7	8	8	9	9	9	9
11	10	10	9	9	8	8	8	10	11	11	13	15	16	16	19	20	20	21	18	18	20	21	21	21	21	21	21	21	23	24	24	27	27	27	28	27	26	26	26
11	12	13	13	17	16	17	17	17	18	20	28	28	29	28	28	30	31	30	32	33	39	41	41	41	40	42	43	44	44	43	42	40	41	44	43	40	39	38	37
15	14	22	44	45	46	48	50	50	51	53	54	53	54	55	55	59	60	64	65	63	65	64	62	64	64	63	64	65	66	64	66	63	61	61	61	60	57	56	55
0	0	1	3	3	4	4	4	4	5	5	5	6	6	6	7	7	9	11	11	11	11	11	11	11	12	11	11	11	11	10	10	10	11	11	11	11	10	8	9
2	2	2	2	2	2	0	1	1	1	10	20	20	22	23	24	24	26	28	30	30	30	31	34	35	37	38	37	37	38	39	34	33	33	32	31	28	27	24	23
0	0	0	0	0	0	0	0	0	0	0	0	0	0	0	0	0	0	0	1	8	9	9	9	9	10	10	10	10	10	10	10	10	10	10	12	12	12	10	8
2	2	2	1	1	1	1	1	1	1	1	1	1	1	1	1	1	1	1	1	5	6	5	5	5	5	5	5	5	6	6	6	6	7	7	7	7	7	7	7
1	1	1	1	1	1	1	1	1	1	11	16	20	25	26	33	37	40	47	54	58	61	62	63	65	67	70	71	75	70	72	69	70	70	68	69	69	70	71	66
49	48	46	45	40	39	42	43	43	45	42	39	44	44	44	47	47	56	60	67	73	78	80	81	81	81	84	86	88	90	94	97	98	99	99	99	103	101	100	104
9	9	9	7	7	9	9	8	9	9	8	8	8	9	10	11	12	11	13	13	13	14	14	15	15	16	17	17	17	18	18	18	18	18	20	19	21	20	22	20
4	4	4	4	4	3	3	4	3	3	4	4	4	4	3	3	5	5	6	7	7	8	8	8	8	8	8	10	10	9	9	9	9	9	9	9	9	9	9	10
5	5	6	7	6	6	7	7	8	8	9	9	9	10	10	10	11	12	12	12	12	17	17	18	18	17	17	18	18	19	19	18	18	18	16	17	15	16	16	16
0	0	0	0	0	1	1	1	1	1	1	1	1	1	1	2	2	2	6	6	6	6	6	6	6	5	5	5	5	5	5	5	5	5	5	5	4	4	4	3
1	1	1	1	1	2	2	2	2	3	3	4	6	5	6	6	6	7	7	8	8	11	11	11	11	11	11	11	11	11	12	13	13	12	12	12	11	10	12	12
1	1	1	1	1	1	2	2	2	2	2	2	2	2	3	3	3	2	4	19	21	21	22	23	25	25	31	35	35	36	41	56	61	64	68	73	75	78	78	79
3	2	2	4	4	4	4	5	7	7	7	7	6	6	6	5	6	7	8	8	8	8	8	8	7	7	7	7	8	8	7	6	5	6	6	5	5	6	7	9
2	2	2	3	3	3	3	3	2	2	2	3	3	3	3	3	3	3	5	5	5	5	5	5	5	5	5	5	5	5	4	4	5	5	5	6	7	7	6	6
3	3	3	3	4	4	4	4	4	5	5	5	5	5	4	4	4	4	5	5	5	6	6	6	6	5	5	6	7	7	8	9	9	8	10	11	11	11	12	12
0	0	0	0	0	0	0	0	0	1	1	1	1	1	1	1	1	1	1	1	1	3	3	3	3	3	3	3	3	3	3	3	3	4	4	4	4	4	4	4
7	7	7	6	7	25	26	26	26	29	32	43	46	48	49	51	51	53	52	56	57	58	58	58	57	59	56	54	53	53	56	58	58	54	53	48	47	49	48	53
0	0	0	0	0	0	0	0	0	0	3	4	4	4	4	4	5	5	6	6	6	6	6	6	6	6	6	6	6	5	5	5	5	4	5	4	5	5	6	6
6	6	9	9	9	9	9	10	10	10	10	10	10	10	9	9	12	12	14	13	13	13	13	13	14	17	17	17	18	18	16	16	16	16	16	16	17	18	18	18
7	8	8	8	8	8	8	8	10	10	10	10	8	11	11	12	12	12	14	12	12	13	13	13	13	13	14	15	15	16	19	18	18	19	19	20	19	18	18	17
34	38	38	39	38	38	37	48	46	46	44	44	45	44	42	59	67	70	73	78	81	81	81	80	79	80	82	84	85	82	80	82	85	90	89	88	87	82	78	78
1	1	1	1	1	1	0	0	0	0	0	0	0	0	0	0	0	1	1	1	1	2	2	2	2	2	2	2	2	2	2	2	4	4	4	5	5	5	5	5
103	104	105	105	99	97	105	105	109	119	129	137	148	160	180	195	211	231	243	247	253	261	256	253	262	274	288	292	300	307	313	324	320	317	309	305	296	293	289	285
1	1	1	1	1	1	5	37	65	78	82	85	89	89	94	101	102	107	112	114	120	127	132	139	142	147	146	142	142	144	139	134	132	133	129	127	122	119	113	111
0	0	0	0	0	0	0	0	0	0	0	1	2	4	4	5	8	9	10	10	10	11	11	12	15	16	16	16	16	16	16	16	16	16	16	15	15	17	16	16
141	137	139	146	152	145	148	151	150	158	163	167	180	183	191	205	204	214	222	219	222	236	233	238	237	240	244	242	247	262	268	278	281	289	296	295	296	302	296	297
0	0	0	0	0	0	0	0	0	0	0	0	0	0	0	0	0	0	0	0	1	2	2	2	2	2	2	2	2	2	2	2	4	4	4	4	4	4	4	4
370	392	927	965	989	1018	1044	1038	1046	1054	1049	997	935	951	955	982	1007	1019	1039	1042	1029	993	961	931	909	881	845	830	815	815	793	766	761	787	825	842	836	841	892	890
665	4384	12729	13078	13984	14264	14791	15653	16291	16621	17745	18121	18694	19306	19895	20607	21058	21451	22064	22733	23267	23312	22879	22664	22445	22295	21888	21518	21123	20573	20477	20217	19759	19268	18774	18512	18535	19176	19838	22677
4	4	3	2	2	3	2	2	3	4	4	4	6	6	6	7	8	8	9	9	10	11	13	13	13	12	12	12	12	12	12	11	12	11	11	11	12	11	11	11
0	0	2	2	2	3	3	3	3	3	3	3	3	3	3	4	4	4	6	6	6	6	7	7	8	8	8	7	7	7	9	8	8	8	8	6	6	6	6	6
0	0	0	0	0	0	0	0	0	0	0	0	0	0	0	0	0	0	3	3	3	3	3	3	3	3	3	3	3	3	3	3	3	3	3	3	2	3	3	3
2	0	0	0	0	0	0	0	0	0	1	2	3	4	5	9	12	12	12	13	13	13	13	13	13	14	15	16	16	16	14	13	14	13	13	13	11	11	9	9
2	2	2	2	1	6	8	14	16	17	17	19	19	20	22	26	28	30	31	31	33	36	37	39	39	38	37	37	39	39	36	37	36	36	34	32	32	31	29	28
0	0	0	0	0	0	0	0	0	0	0	0	0	1	6	20	21	23	24	24	24	26	29	36	37	38	39	40	42	44	46	48	49	50	51	52	49	48	47	46
4	4	5	5	4	6	6	5	5	5	6	6	6	6	6	7	8	7	8	8	7	8	8	7	8	9	8	9	9	11	11	11	11	11	11	11	11	11	11	11
9	9	9	9	9	12	13	14	15	15	14	14	15	15	17	19	20	21	21	20	23	25	22	23	23	24	24	25	26	26	25	25	23	23	23	22	22	22	22	22
7	7	7	7	6	7	7	7	7	7	9	8	8	6	6	7	7	7	7	7	7	9	10	10	10	10	10	10	11	11	11	12	12	11	14	16	17	17	17	17
12	12	12	11	11	11	11	11	12	14	14	15	15	15	18	19	20	18	20	22	23	23	23	24	24	22	23	22	25	25	24	25	25	26	26	27	27	27	27	29
5	4	6	6	7	7	8	8	8	8	8	7	7	7	8	9	11	11	11	11	11	13	12	11	11	11	11	11	9	8	9	10	12	11	10	9	10	11	12	14
10	12	12	12	11	12	12	12	12	13	14	16	17	16	16	17	19	19	21	23	23	25	25	25	25	25	26	25	24	25	26	26	27	27	27	26	26	24	24	22
0	0	0	0	0	0	0	0	0	0	0	0	0	0	0	0	0	1	3	3	3	3	3	3	4	4	4	4	4	4	4	4	4	4	4	5	5	5	5	5
2	2	2	2	1	1	1	1	1	2	2	2	2	3	39	88	92	95	104	109	112	119	122	126	132	145	150	154	157	163	171	171	175	177	179	183	185	179	176	176
1	1	1	1	1	2	2	2	2	1	1	2	2	2	2	2	2	2	4	4	4	4	4	4	5	5	4	4	4	4	4	4	4	6	6	7	7	7	7	7
1	1	1	2	2	2	2	3	3	3	3	3	3	3	3	3	3	3	4	3	3	3	2	2	2	2	1	2	2	2	2	2	3	4	5	6	6	6	6	6
0	0	0	0	0	0	0	0	0	0	0	2	2	2	2	3	3	3	4	4	5	6	7	7	7	7	6	6	6	6	6	6	6	6	6	6	6	6	6	5
2	2	2	3	3	4	4	4	4	4	6	7	7	7	6	6	6	6	8	8	8	8	8	8	8	7	7	7	6	6	7	5	6	7	7	7	7	7	7	6
10	9	10	10	11	12	10	11	14	13	11	11	13	14	14	14	14	14	16	16	18	18	20	20	20	21	22	22	23	23	22	21	24	24	23	22	23	25	25	25
1	1	1	1	1	36	36	38	40	41	47	47	49	49	51	58	59	60	60	61	61	63	65	64	59	56	55	54	53	53	51	50	50	53	49	49	51	50	53	51
11	11	11	11	11	12	11	13	13	14	14	16	17	15	16	17	17	19	23	24	27	28	29	27	28	28	28	28	27	27	29	29	29	30	30	28	27	26	26	25
10	11	11	11	11	12	15	20	20	20	21	21	21	22	21	20	19	19	21	22	22	22	21	24	24	24	24	24	24	26	25	24	26	25	22	21	21	21	25	28
0	0	0	0	0	0	0	0	0	0	0	0	0	0	0	0	1	3	4	4	5	5	5	5	5	5	5	5	5	5	5	5	6	6	6	6	5	5	5	5
3	2	2	2	2	2	3	3	3	3	2	2	2	2	2	2	3	25	33	34	36	37	40	42	43	45	46	48	49	49	51	55	56	57	59	59	52	51	50	50
28	27	27	27	27	26	27	29	30	29	37	53	57	58	61	75	77	81	84	86	88	94	93	94	96	99	101	101	101	100	98	96	97	97	92	91	87	85	86	83
1	3	17	43	43	48	49	53	54	54	57	58	59	60	60	63	63	65	70	70	71	71	69	68	68	67	67	63	62	62	63	61	54	56	54	55	52	47	45	48
2	2	3	3	3	3	3	3	3	3	3	3	4	4	5	6	6	5	7	7	7	8	8	9	9	9	9	9	9	9	9	10	10	10	9	8	8	8	8	7
0	0	0	0	0	0	0	0	9	10	12	12	12	12	12	12	15	17	18	18	18	18	18	18	18	18	18	16	16	16	16	16	18	13	12	12	12	12	13	12
0	0	0	0	0	0	0	0	0	0	0	1	1	1	1	1	2	4	5	6	7	7	7	7	7	8	8	9	9	9	9	9	12	13	13	12	12	12	11	12
0	0	0	0	0	1	1	1	1	1	1	1	1	1	1	2	2	2	3	3	3	4	4	4	4	4	4	4	4	4	4	4	4	3	2	2	2	2	1	1
0	0	0	0	0	0	0	0	0	0	0	0	0	0	0	0	0	0	1	1	1	2	2	2	2	2	2	2	2	2	2	2	2	2	2	3	3	3	3	3
1	1	2	2	2	2	2	2	2	2	3	3	3	3	3	3	3	3	3	5	5	7	8	8	9	9	10	9	10	10	10	10	10	10	10	11	11	11	11	12
1	1	1	1	1	1	1	1	1	1	1	2	2	2	2	2	2	1	2	2	3	4	4	5	5	5	5	5	5	5	5	5	6	6	6	6	6	6	5	5
10	12	12	15	18	18	19	19	19	20	19	19	19	21	22	22	22	22	27	27	24	26	27	29	29	33	33	33	35	34	36	36	36	35	35	35	34	33	32	30
2	2	4	4	4	4	4	4	4	4	4	4	4	5	5	5	5	6	8	8	8	8	8	7	8	8	8	8	8	9	10	10	10	10	12	12	13	15	14	14
9	7	8	8	9	9	13	14	13	13	13	16	15	16	16	17	16	16	17	16	16	16	14	14	14	14	13	12	12	13	13	14	16	17	18	22	22	22	24	26
0	0	18	22	22	23	24	24	24	25	27	27	27	28	28	29	31	31	33	35	36	36	33	32	31	32	33	30	30	29	28	26	25	26	27	25	26	25	24	25
8	8	9	9	10	10	10	9	9	8	9	8	8	8	9	9	8	8	9	9	10	12	13	12	12	13	12	12	13	13	14	17	17	17	18	20	19	19	20	20
0	0	0	0	0	0	0	0	0	0	0	0	0	0	0	0	0	0	3	3	20	21	21	21	21	22	22	22	22	22	23	23	23	23	23	23	24	24	24	20
3	3	3	3	3	3	4	5	8	8	8	8	8	7	7	7	9	9	9	8	8	8	8	8	8	9	9	8	8	9	10	8	9	9	8	7	7	8	8	8
185	193	191	184	176	166	159	157	156	149	144	138	138	130	128	125	119	111	112	109	97	93	95	99	95	95	106	105	107	107	112	112	113	122	473	501	531	549	567	590
6	6	6	8	10	10	10	9	9	10	10	9	9	10	10	10	11	11	13	14	13	16	15	14	15	16	16	16	17	17	17	17	18	19	18	18	18	18	16	15
2	2	2	4	5	4	5	5	5	5	5	5	6	6	6	7	7	6	9	9	9	9	9	9	10	10	10	10	10	11	11	10	9	9	10	10	9	8	7	8
0	0	0	0	0	0	0	0	0	1	2	2	7	8	11	14	15	16	19	19	20	21	21	21	23	23	24	24	24	26	26	26	27	28	28	30	29	27	24	22
14	15	16	17	16	16	16	16	18	17	21	21	21	19	19	19	19	23	25	25	28	31	32	33	34	34	33	35	35	36	35	36	35	35	35	35	34	32	32	33
5	5	5	5	5	5	5	5	5	6	5	5	5	5	6	4	13	11	11	11	11	11	11	12	12	13	13	14	14	14	14	14	13	14	13	11	12	12	12	13
37	37	36	38	40	42	46	44	45	49	51	53	57	60	62	63	66	66	71	74	83	91	97	103	101	103	107	114	114	114	112	111	110	107	107	105	103	104	97	90
475	470	472	448	429	432	426	434	440	433	431	429	433	435	631	835	914	996	1023	1112	1127	1163	1170	1175	1181	1197	1215	1219	1233	1239	1241	1257	1277	1280	1285	1310	1263	1235	1208	1135
2	3	4	4	4	4	5	5	5	5	6	7	8	7	7	7	7	7	7	8	8	9	9	11	11	11	11	10	10	8	9	9	11	11	11	11	12	12	12	12
11	11	11	12	12	13	14	13	12	12	12	14	13	13	13	13	14	18	19	18	18	19	19	21	22	23	24	24	26	25	25	26	26	29	30	30	30	28	26	25
3	4	6	6	6	6	7	7	7	7	7	7	7	7	7	7	7	7	7	7	6	8	7	7	5	5	4	3	3	3	3	4	4	4	4	4	5	7	7	10
2	2	4	4	4	6	6	7	7	8	8	8	9	10	10	10	12	13	13	13	13	15	15	15	15	16	16	14	13	13	13	12	10	9	9	9	8	6	6	7
5	7	7	7	7	8	8	10	11	10	12	13	14	14	14	13	13	13	13	13	15	18	17	15	16	15	15	16	17	18	19	18	18	17	17	17	16	16	16	15
0	0	0	9	25	119	121	126	132	136	147	169	187	195	205	227	234	241	245	246	248	250	257	261	255	254	246	241	233	227	224	220	225	215	215	210	199	198	194	193
531	610	687	719	731	752	800	831	839	892	917	932	948	975	1009	1046	1076	1099	1192	1179	1233	1282	1311	1448	1442	1515	1561	1574	1594	1628	1625	1610	1588	1563	1536	1519	1495	1465	1409	1350
0	0	0	0	0	0	0	0	0	0	0	0	0	0	0	0	0	0	1	1	1	2	2	2	2	2	2	2	2	3	3	4	4	4	4	4	4	4	4	4
4	4	5	5	5	5	5	5	5	5	5	5	4	4	2	2	3	4	5	5	5	6	6	6	6	6	6	6	7	7	9	11	12	12	12	12	12	12	13	13
0	0	0	0	0	0	0	0	0	0	0	0	0	0	0	0	1	1	1	1	2	3	3	3	3	4	4	4	4	4	4	4	5	5	5	5	5	5	6	5
3	3	3	3	3	3	3	2	2	3	3	3	2	2	1	2	2	3	5	6	6	8	8	8	8	8	8	8	8	8	8	8	8	8	8	9	8	7	8	8
0	0	1	1	1	1	1	1	1	1	1	1	2	2	2	2	3	3	6	6	6	6	6	6	6	8	8	8	8	8	8	8	8	7	6	6	6	6	6	6
9	9	8	8	7	8	8	8	10	9	11	9	9	11	11	12	12	14	15	15	16	18	18	18	17	18	19	19	18	20	21	21	21	19	20	21	21	21	20	20
1	1	1	1	1	0	1	1	1	1	1	1	1	1	1	1	1	1	4	4	4	5	6	7	7	7	7	8	8	10	9	9	10	10	10	10	10	10	10	9
1	1	1	1	0	0	0	0	0	0	0	0	0	1	1	1	2	2	2	3	3	5	5	5	5	5	5	5	5	5	5	6	6	6	6	6	5	5	5	5
0	0	0	1	1	1	1	1	1	1	1	1	1	1	1	1	1	1	3	3	3	3	3	3	3	3	4	4	4	4	5	5	5	4	5	5	5	5	6	6
11	12	12	12	12	11	11	13	13	13	13	14	13	13	14	16	18	16	17	17	16	17	19	22	22	21	20	20	21	23	24	24	25	25	25	25	24	25	25	25
0	0	0	0	0	0	0	0	0	0	0	0	0	0	1	2	2	2	4	4	4	4	4	4	4	4	4	4	4	4	4	4	4	4	4	4	5	4	4	4
4	6	6	6	6	6	6	6	9	8	8	6	6	6	7	8	8	11	15	17	17	17	17	19	20	20	21	19	17	17	17	16	14	14	14	15	15	14	16	15
2	2	2	2	2	2	2	3	3	3	4	4	5	6	6	6	7	7	9	9	10	11	12	12	12	12	12	12	12	13	14	13	13	14	13	13	12	12	12	12
1	1	1	1	1	1	1	1	0	0	0	0	0	0	0	10	11	11	11	11	11	12	12	13	13	14	14	15	16	16	16	16	17	17	16	16	16	15	14	15
2	2	2	1	2	2	2	2	3	3	2	2	2	2	2	6	7	7	7	8	8	9	9	9	9	10	10	9	9	8	8	8	8	9	9	9	7	8	8	8
0	0	0	0	0	0	0	0	0	0	0	0	0	0	0	0	1	1	2	2	2	2	2	2	2	2	2	2	2	2	2	2	2	3	3	3	3	3	3	4
177	170	168	174	180	185	194	207	216	221	232	248	276	272	288	301	328	321	333	334	341	361	376	386	395	403	408	412	417	434	471	467	463	460	452	443	434	422	415	406
0	0	0	0	0	0	0	0	0	0	0	0	0	0	0	0	0	0	0	0	0	0	0	0	0	0	0	0	0	0	0	0	0	0	0	0	0	0	0	7
0	0	0	0	0	0	0	0	0	0	0	0	0	0	0	0	0	0	2	3	3	3	3	3	4	4	4	4	4	4	4	4	4	4	5	5	5	5	5	5
0	0	0	0	0	0	0	0	0	0	0	0	0	0	0	0	1	1	2	2	2	3	3	3	3	3	3	3	3	3	3	3	3	3	3	3	3	2	2	2
2	2	2	2	2	2	2	2	2	2	2	2	2	2	2	3	2	2	3	3	3	3	4	4	5	5	5	5	5	5	5	6	8	8	8	8	7	8	8	9
0	0	0	0	0	0	0	0	0	0	0	0	0	0	0	0	0	0	0	0	0	2	2	2	2	2	2	2	2	2	2	2	2	2	2	2	2	2	2	2
0	0	0	0	0	0	0	0	0	0	1	1	1	1	1	1	2	2	4	4	4	4	4	4	4	4	4	4	4	4	4	4	4	4	4	4	2	2	2	2
0	0	0	1	1	1	1	1	1	1	1	1	1	1	1	1	1	1	2	2	3	4	6	6	6	6	6	6	7	7	7	7	7	7	7	7	7	7	7	6
0	0	0	0	0	0	0	0	0	0	0	0	0	0	0	0	2	2	4	4	4	4	4	4	4	4	4	4	4	4	4	4	4	4	4	5	4	4	4	3
10	11	11	14	15	18	20	33	36	38	38	38	41	43	43	44	46	44	46	47	48	49	47	48	45	45	46	49	49	49	50	49	50	50	48	48	44	44	44	42
2	2	2	4	4	4	4	6	6	6	6	6	6	6	7	7	7	6	6	5	5	8	8	8	8	8	8	8	8	9	9	9	8	8	8	8	7	7	7	7
0	0	1	1	3	3	3	3	3	3	3	4	4	4	4	4	6	7	7	7	7	8	8	8	9	9	8	8	9	9	9	10	10	10	10	10	9	10	11	10
0	0	0	0	0	0	0	0	0	0	0	0	0	0	0	1	3	3	4	4	5	5	5	5	5	5	5	5	5	5	5	5	5	5	5	5	5	4	4	3
2	2	2	2	2	2	3	3	3	2	2	2	2	2	2	2	2	2	3	3	3	4	4	4	4	4	3	3	3	5	5	5	5	5	5	5	5	7	7	7
2	3	3	4	4	4	4	3	3	3	3	7	7	7	8	9	9	10	12	12	11	13	13	13	13	13	12	12	13	13	13	14	13	11	11	11	10	9	8	7
9	8	8	8	9	9	10	9	9	10	11	10	10	10	10	11	12	12	12	11	11	12	14	15	15	16	16	17	18	19	19	18	19	19	20	19	19	19	18	19
0	0	0	1	1	1	1	1	1	1	1	1	1	1	1	2	4	4	5	5	5	5	5	5	4	4	4	4	4	4	4	4	4	4	4	3	3	3	3	3
16	15	16	15	16	16	17	19	18	18	18	20	21	23	26	26	28	27	31	30	29	30	28	29	30	30	30	31	32	32	32	32	34	33	33	33	33	36	36	37
14	15	17	17	17	16	17	18	19	18	19	20	20	21	21	22	21	20	22	22	22	23	21	21	23	26	28	27	28	32	32	31	31	31	30	30	30	31	32	33
35	34	37	37	38	39	39	38	37	37	34	38	37	44	49	48	51	57	61	64	67	69	69	68	68	67	65	63	65	72	72	72	74	74	75	76	76	79	79	76
2	2	2	2	2	2	2	2	2	2	3	2	2	2	3	3	3	4	5	5	5	6	6	6	6	8	8	8	9	10	10	10	11	11	11	11	11	11	11	11
0	0	0	0	0	0	0	0	0	0	0	0	0	0	0	0	1	1	3	3	3	3	3	3	3	3	3	3	3	3	3	3	3	3	3	2	2	2	2	2
0	0	0	0	0	0	1	1	1	1	1	1	1	1	1	2	4	5	6	6	6	6	6	6	6	6	6	6	6	6	6	6	6	6	6	5	5	6	6	6
14	14	11	13	16	18	19	23	24	27	27	29	28	29	31	36	37	37	37	37	39	40	40	43	45	49	52	53	55	58	58	58	61	60	59	59	59	58	56	56
1	1	1	0	0	1	1	1	1	1	1	1	1	1	1	1	1	1	1	1	1	2	3	4	4	3	3	3	3	3	3	3	3	3	3	3	3	3	3	5
0	0	0	0	0	0	0	0	0	0	0	0	0	0	0	0	0	0	0	0	1	2	2	2	2	3	3	3	3	3	3	3	4	4	5	5	5	5	5	5
12	13	14	9	14	14	13	13	15	17	18	19	20	17	20	20	21	22	25	29	30	30	30	32	32	32	32	32	34	34	34	34	34	34	33	33	31	30	29	29
5	5	5	6	6	7	7	7	8	8	8	8	8	8	8	10	10	10	12	12	13	13	12	10	9	9	8	8	8	8	9	8	9	10	10	10	12	11	12	12
4	4	4	4	4	4	4	3	3	3	2	2	2	3	3	3	3	3	5	3	3	4	4	4	4	5	6	6	6	6	6	6	6	7	7	7	7	8	8	9
28	30	32	32	32	35	35	36	35	34	35	38	40	39	48	48	57	57	59	57	63	63	66	69	69	69	69	68	79	79	81	84	84	84	82	85	86	84	80	78
5	6	6	6	6	6	6	6	6	6	6	7	8	9	10	10	9	9	9	8	8	11	11	11	12	12	12	11	11	12	12	12	13	13	14	13	13	12	12	12
0	0	0	0	0	0	0	0	0	0	0	0	0	0	0	0	0	0	0	0	0	2	2	2	2	2	2	2	3	3	3	3	3	3	3	3	3	3	3	3
1	1	2	2	2	2	2	2	2	2	2	2	2	2	2	2	3	4	4	4	4	6	6	6	6	6	5	6	6	7	7	7	7	7	7	7	7	6	6	6
0	0	0	0	0	0	0	0	0	0	0	0	0	0	0	0	0	0	2	2	2	2	3	3	3	3	3	3	4	4	4	4	4	4	4	4	4	4	4	4
0	0	0	0	0	0	0	0	0	0	0	0	0	0	0	0	0	1	1	1	1	1	1	2	2	2	2	2	2	2	2	2	5	6	6	6	7	7	7	8
0	0	0	0	0	0	0	0	0	0	0	0	0	0	0	0	0	1	3	3	3	3	3	3	3	3	3	3	3	3	3	3	3	3	3	3	2	2	2	2
0	0	0	0	0	0	0	0	0	1	1	1	1	1	1	1	1	2	4	4	4	5	5	5	5	5	5	5	5	5	5	5	4	4	4	4	3	4	3	3
0	0	0	0	0	0	0	0	0	0	0	0	1	2	3	5	7	8	8	8	9	10	10	10	10	11	11	12	12	12	12	12	13	14	14	14	14	12	12	12
0	0	0	0	0	0	0	0	0	0	0	6	6	6	6	6	6	6	9	9	9	9	9	9	9	9	9	9	9	9	8	8	8	8	8	8	8	5	4	3
0	0	1	1	1	1	1	1	1	1	1	1	1	1	1	2	2	2	3	3	3	4	5	5	5	5	5	5	5	5	5	6	6	6	6	5	5	4	4	4
1	1	6	9	11	11	12	11	11	11	12	14	15	16	16	16	16	16	18	18	18	19	18	18	18	17	18	18	21	23	24	25	24	24	22	23	25	25	25	25
0	0	0	0	0	0	0	0	0	0	0	0	0	0	0	0	0	0	0	0	0	1	1	1	1	1	1	1	2	2	3	3	4	4	4	4	4	4	4	4
1	1	1	1	1	1	2	2	2	3	3	3	3	2	2	2	2	2	4	4	4	4	4	4	4	4	4	4	4	4	6	5	6	6	6	6	5	5	5	4
5	6	8	9	9	9	9	8	9	9	10	10	10	10	10	12	13	14	15	15	15	15	14	14	16	16	14	15	16	16	15	15	16	18	18	18	17	18	18	18
4	3	3	3	4	19	18	17	17	17	17	19	21	22	22	23	24	24	25	24	24	24	25	24	24	23	21	20	19	19	17	17	16	15	15	11	12	12	11	13
3	3	3	3	3	4	4	2	2	2	2	2	1	1	3	4	4	4	5	5	5	5	5	6	5	5	5	5	6	6	7	7	8	9	9	9	9	9	9	9
0	0	0	0	0	0	0	0	0	1	1	1	1	1	1	1	1	1	3	3	3	4	4	4	4	5	5	5	5	5	5	4	4	4	4	4	4	4	5	3
1	1	10	10	10	10	10	10	12	13	14	15	18	18	17	18	20	20	20	20	21	21	19	17	17	15	15	14	14	14	12	11	13	12	13	12	10	12	12	12
0	0	0	0	0	0	0	0	0	0	0	1	1	1	1	1	1	1	2	2	2	3	3	3	3	3	3	2	2	2	2	2	3	3	3	3	3	3	3	3
2	2	2	2	2	2	2	2	2	2	2	2	2	2	1	1	10	10	10	10	10	11	11	11	11	11	10	10	11	11	11	13	13	13	14	14	14	16	16	14
10	11	13	13	13	13	13	13	13	13	12	12	11	12	12	11	20	19	19	20	23	24	25	25	25	25	24	24	24	24	26	26	27	26	28	28	28	29	29	28
0	0	0	0	0	0	0	0	0	0	0	0	0	0	0	0	0	0	1	1	1	1	1	1	1	1	1	1	1	1	1	1	3	3	3	3	3	3	3	3
0	0	0	0	0	0	0	0	1	1	1	1	1	1	1	1	1	1	2	2	2	3	4	4	4	4	4	4	4	4	4	3	4	4	4	4	4	4	4	4
0	0	0	0	0	0	0	0	0	0	0	0	0	0	0	0	0	0	3	3	3	3	3	3	3	3	3	3	3	3	3	3	3	3	3	3	3	3	3	3
1	1	1	1	1	1	1	1	1	1	1	1	1	1	1	5	5	7	8	7	7	7	7	8	9	11	12	12	12	12	12	12	12	12	13	13	12	12	11	11
1	1	1	1	1	1	1	1	1	1	1	1	2	4	5	7	7	7	10	9	10	10	11	13	19	19	20	22	23	25	25	25	25	26	26	26	26	29	29	29
10	10	8	5	4	4	3	3	4	4	4	4	4	4	4	4	5	6	8	8	8	9	9	12	16	18	18	17	19	20	19	19	18	18	20	22	23	23	24	24
0	2	2	2	2	2	3	3	3	3	3	3	3	3	3	3	3	3	6	6	6	6	6	6	6	6	6	6	7	7	7	7	7	5	5	5	4	4	4	4
1	1	10	10	10	10	10	10	10	10	10	10	10	12	12	12	12	12	13	13	13	13	13	13	12	14	14	14	15	15	14	15	15	15	15	15	14	13	11	10
0	0	0	0	0	0	0	0	0	0	0	0	0	0	0	0	0	0	3	3	3	3	3	3	3	3	3	3	3	3	3	3	3	3	3	3	3	3	3	3
2	1	1	2	2	2	3	2	2	2	2	2	2	3	3	3	3	3	4	4	10	11	11	10	10	10	10	10	10	10	10	10	10	11	11	11	12	11	11	11
0	0	0	0	0	0	0	0	0	0	0	0	0	0	0	0	0	0	3	3	3	3	3	4	5	5	6	7	9	9	10	10	10	11	11	11	11	13	13	12
0	0	0	0	0	0	0	0	0	0	0	0	0	0	1	1	1	1	1	1	1	1	1	6	8	9	10	10	11	12	13	13	13	14	15	16	16	16	16	16
1	1	2	2	2	2	2	2	2	2	2	2	2	2	2	2	2	2	3	3	3	4	4	4	4	4	4	4	4	4	4	4	6	6	6	6	6	7	7	7
3	3	3	3	3	3	3	3	3	4	4	4	4	3	3	3	3	2	4	5	6	6	6	6	6	6	6	6	7	8	8	7	7	9	9	9	9	9	8	8
1	0	0	1	2	3	3	3	4	4	6	6	6	6	6	7	8	8	9	9	9	9	10	10	10	10	10	10	10	11	11	10	10	10	10	9	9	9	9	9
0	1	1	1	1	1	1	1	2	2	2	2	2	2	2	3	3	3	5	5	4	4	4	4	4	4	4	4	4	4	4	4	4	4	4	4	4	4	3	3
1	3	3	3	3	16	16	20	21	24	24	27	28	28	28	28	28	29	29	28	28	29	29	28	27	26	25	25	25	26	27	27	26	27	29	26	27	26	25	27
6	6	6	5	6	6	9	10	10	11	11	12	14	15	15	16	19	20	21	22	25	29	28	28	28	28	28	28	29	28	29	29	29	30	29	27	26	26	24	23
3	2	2	1	2	2	2	2	3	2	3	3	3	3	3	4	4	4	7	7	7	7	7	7	7	7	7	7	7	7	7	9	10	10	10	10	10	10	10	9
8	7	8	8	8	8	9	9	9	8	8	8	9	13	14	16	17	18	18	19	20	23	25	25	25	24	23	23	24	24	24	22	23	24	25	25	26	23	23	22
0	0	0	0	0	0	0	0	0	0	0	0	0	0	0	0	0	0	2	3	3	3	3	3	3	3	3	3	3	3	3	4	4	4	5	5	5	5	5	5
0	0	0	0	0	0	0	0	0	0	1	1	1	1	1	1	1	1	3	3	3	3	3	3	3	3	3	3	3	3	3	3	3	3	3	3	3	3	3	3
0	0	0	0	0	0	0	0	0	0	0	0	0	0	0	0	8	8	8	8	10	10	10	11	11	11	11	11	11	13	13	15	15	15	15	14	13	14	14	13
2	2	2	2	2	2	2	2	2	1	1	1	1	1	2	2	3	3	4	4	4	5	5	5	5	5	5	5	5	6	6	6	6	6	7	6	6	6	7	7
0	0	0	0	0	0	0	0	0	0	0	0	0	0	0	1	1	1	3	3	3	3	3	3	3	3	3	3	3	3	3	3	3	3	3	3	2	2	2	2
0	0	0	0	0	0	0	0	0	0	0	0	0	0	0	0	0	0	2	2	2	2	2	2	2	2	2	2	2	2	2	2	2	2	2	2	2	2	2	2
0	0	0	0	0	0	0	0	0	0	0	0	0	0	0	2	7	8	8	8	8	8	8	8	8	8	8	8	8	8	8	8	8	8	8	8	7	7	5	5
7	7	9	9	10	9	10	10	10	9	9	9	10	10	9	8	8	8	8	7	7	9	9	9	9	8	7	9	13	12	13	14	16	16	17	17	19	19	20	20
0	0	0	0	0	0	0	0	0	0	0	0	0	0	0	0	0	0	0	0	0	2	2	2	2	2	2	2	2	2	2	2	2	2	2	2	2	2	2	2
0	0	0	0	0	0	0	2	2	2	2	2	2	2	2	2	2	2	2	2	3	4	4	4	4	4	3	3	4	5	5	4	4	4	4	5	5	5	5	5
1	1	1	1	1	1	1	1	0	0	0	0	0	0	1	1	1	1	3	3	3	4	4	4	4	4	4	4	4	5	5	5	5	5	5	5	5	5	5	5
0	0	0	0	0	0	0	0	0	0	0	0	0	0	0	0	4	4	4	5	5	6	6	6	6	7	7	7	7	7	7	7	8	8	8	7	7	6	6	7
0	0	0	0	0	0	0	0	0	0	0	0	0	0	0	0	0	0	2	2	2	2	3	3	3	3	3	3	3	3	3	3	3	3	3	3	3	2	2	2
0	0	0	0	0	0	0	0	0	0	0	0	0	0	0	0	0	0	1	1	2	2	3	3	3	3	3	3	3	4	4	5	6	6	6	6	6	6	6	6
0	5	6	7	7	7	7	7	8	8	8	8	8	8	9	10	11	11	12	12	11	12	15	15	15	16	14	14	16	17	16	16	15	14	13	12	11	11	11	11
0	0	0	0	0	0	0	0	0	0	0	0	0	0	0	0	0	0	3	3	4	4	4	4	4	5	5	6	6	8	8	9	9	9	9	9	11	11	11	11
3	3	3	3	3	3	3	3	4	4	4	4	4	5	5	4	6	6	7	8	8	9	9	10	10	11	11	11	11	11	11	11	11	11	10	9	7	7	7	8
1	1	1	1	2	2	2	2	2	2	2	2	2	2	2	2	2	3	5	5	5	6	6	6	6	6	6	6	6	6	6	6	6	5	5	5	5	5	4	4
3	3	3	3	3	4	4	4	4	4	4	4	5	5	4	4	9	9	9	8	8	8	8	8	7	8	7	7	9	9	9	10	10	10	10	10	10	12	12	12
0	0	0	0	0	0	0	0	0	0	0	0	0	0	0	7	7	8	8	8	8	9	9	9	9	9	9	9	9	9	9	9	9	9	7	7	6	5	4	5
0	0	0	0	0	0	0	0	0	0	0	0	0	0	0	0	0	0	2	2	2	2	2	2	2	2	2	2	2	2	2	2	2	2	2	2	2	2	2	2
2	2	2	4	4	4	4	4	4	4	4	4	5	5	5	5	8	8	9	9	9	9	9	9	8	8	8	9	10	10	10	10	12	12	13	13	13	13	13	12
2	2	2	2	2	3	3	3	3	3	11	11	11	12	12	12	14	14	16	16	17	17	17	17	17	17	18	18	18	18	18	17	17	17	16	13	11	10	11	10
3	3	15	17	19	29	29	30	33	33	33	35	35	37	39	41	44	45	46	45	49	51	50	51	52	53	52	48	44	44	48	47	45	41	38	35	35	33	31	29
0	0	0	0	0	0	0	0	0	0	0	0	0	0	0	0	0	0	0	0	0	2	2	3	3	3	3	3	3	3	3	3	3	3	3	3	3	2	2	2
0	0	0	0	0	0	0	0	5	6	6	6	7	7	7	7	7	7	8	8	8	8	8	8	8	8	5	5	5	6	6	5	5	5	5	5	5	5	4	5
1	1	1	1	1	1	1	1	1	1	1	1	1	1	1	1	1	1	1	1	1	1	1	1	0	0	0	0	0	0	0	0	5	5	5	5	5	5	5	5
0	0	0	0	0	0	0	0	1	1	1	1	1	1	1	1	1	1	2	2	2	2	2	2	2	2	2	2	3	4	3	3	4	4	4	4	4	4	4	4
0	0	0	0	0	0	0	0	0	0	0	0	0	0	0	0	0	0	2	2	2	2	2	2	2	2	2	2	2	2	2	2	3	3	3	3	3	3	3	3
2	1	3	3	3	3	3	3	3	3	3	3	3	3	3	3	3	3	4	4	4	5	5	5	5	5	5	6	6	5	5	5	5	5	5	6	6	6	6	6
26	29	31	32	32	37	29	48	59	70	76	82	85	88	91	92	93	95	101	102	103	106	105	103	106	107	107	105	104	102	100	96	92	97	93	90	92	92	88	86
0	0	0	0	0	0	0	0	0	0	0	0	0	0	0	0	0	0	2	2	2	3	3	3	3	5	5	5	5	5	5	5	5	5	5	5	5	5	4	4
1	1	1	1	1	1	0	0	0	0	0	0	0	0	0	0	0	0	0	0	0	0	0	0	0	0	0	0	0	0	0	0	0	0	0	0	0	0	0	13
0	0	0	0	0	0	0	0	0	0	0	0	0	0	1	10	11	11	11	11	11	12	12	12	12	13	13	13	15	16	16	16	16	16	15	12	12	12	12	11
1	2	2	2	2	2	2	2	2	2	2	2	2	3	4	5	5	5	7	7	6	6	7	7	7	7	7	7	8	9	9	9	10	11	11	11	11	10	9	8
0	0	1	4	5	7	8	8	11	11	12	13	13	13	13	13	13	13	15	16	16	16	16	16	16	16	16	17	18	17	15	15	15	16	16	17	16	15	14	14
0	0	0	0	0	0	0	0	0	0	0	0	0	0	0	0	0	0	3	3	3	3	3	3	3	3	3	5	5	5	5	5	5	5	5	6	6	7	7	7
3	3	3	3	3	4	3	4	4	4	4	4	4	4	4	4	4	4	4	3	4	5	5	7	7	6	6	6	6	8	8	8	8	10	9	10	10	10	10	10
0	0	0	0	0	0	0	0	0	0	1	1	1	1	1	1	1	1	3	3	3	3	3	3	3	3	3	3	3	3	2	3	3	2	2	2	2	2	2	2
0	0	0	0	0	0	0	0	0	0	0	0	0	0	0	0	0	0	3	3	3	3	3	3	3	3	3	4	4	4	4	4	4	4	4	4	3	3	3	2
0	0	0	0	0	0	0	0	0	0	1	1	1	1	1	2	4	4	6	6	6	6	6	6	6	6	6	6	6	6	6	6	6	6	5	4	3	2	2	3
1	1	2	2	2	2	2	2	2	2	2	2	2	2	1	1	4	4	5	5	5	5	5	5	5	5	5	5	5	6	6	6	6	6	6	6	6	6	6	6
0	0	0	0	0	0	0	0	0	0	0	0	0	0	0	2	6	8	8	8	8	8	8	8	8	8	8	9	9	9	9	9	9	9	9	8	7	6	4	4
8	9	12	13	14	15	15	14	16	16	16	17	17	16	15	15	15	15	17	16	16	16	17	17	17	18	18	16	15	17	18	18	18	17	17	16	14	16	16	16
0	0	0	0	0	0	0	0	0	0	0	0	0	0	0	0	0	1	1	2	3	4	4	4	4	4	4	4	5	5	5	5	5	5	5	5	5	5	5	7
2	2	2	2	2	2	2	2	2	2	2	2	2	2	2	12	12	12	12	12	11	12	13	14	14	14	15	15	17	17	17	18	20	19	18	17	17	14	14	17
0	0	0	0	0	0	0	0	0	0	0	0	0	0	0	10	13	13	13	13	13	13	15	16	16	16	16	16	16	16	16	16	18	17	17	17	17	17	15	14
0	0	0	0	0	0	0	0	0	0	0	0	0	0	0	15	15	15	15	15	16	16	18	19	19	19	20	20	24	25	25	25	25	26	27	26	27	27	26	24
0	1	1	1	2	2	2	2	2	2	3	4	4	4	4	6	7	7	7	7	8	9	9	8	8	9	9	9	9	9	9	9	9	9	9	8	5	3	3	3
0	0	0	0	0	0	0	0	0	0	0	0	0	0	0	0	0	0	2	2	2	2	2	2	2	2	2	2	2	2	2	2	2	2	2	3	3	3	3	3
0	0	0	0	0	0	0	0	0	0	0	0	0	0	0	2	2	2	3	3	3	3	3	3	3	3	3	4	4	5	5	5	5	6	7	7	6	6	6	6
0	0	0	0	0	0	0	0	0	0	0	0	0	0	0	0	0	0	0	0	0	1	1	1	1	1	1	1	1	1	1	1	3	3	3	3	3	3	4	4
0	0	0	0	0	0	0	0	0	0	0	0	0	0	0	0	0	0	2	2	3	3	3	3	3	3	3	3	3	3	3	3	3	3	3	3	3	3	3	3
3	3	3	4	4	4	5	5	5	5	6	6	6	6	6	6	6	6	7	7	7	8	9	9	8	7	6	5	6	6	8	8	8	9	9	9	9	10	9	10
4	4	4	4	2	2	2	4	5	6	6	6	6	6	6	6	6	6	6	7	9	12	14	16	17	17	16	16	16	16	14	13	14	14	17	18	18	19	19	19
6	4	5	6	6	7	8	9	14	14	15	20	21	23	24	26	26	26	26	26	30	30	30	30	31	32	32	33	36	36	36	36	36	35	34	34	34	33	32	34
1	1	1	1	1	1	1	1	1	1	1	1	1	1	1	1	3	3	3	3	3	4	4	5	5	5	5	5	5	5	5	5	5	5	5	4	4	4	4	4
1	1	1	2	2	2	1	1	1	1	1	1	1	1	1	1	2	2	2	2	2	4	4	4	4	4	4	4	5	5	5	5	6	6	6	7	7	7	7	6
0	0	0	0	0	0	0	0	1	1	1	1	1	1	1	1	1	2	4	4	4	4	4	4	4	4	4	4	4	4	4	4	4	5	5	5	5	5	5	4
0	0	0	0	0	0	0	0	0	0	0	0	0	0	0	0	0	0	2	2	2	3	3	3	3	3	3	3	3	3	3	3	3	3	3	3	2	2	2	3
0	0	0	0	0	0	0	1	1	2	2	3	3	3	3	3	3	3	4	4	4	5	5	5	6	7	7	7	7	8	8	7	7	7	7	6	6	6	6	6
0	0	0	0	0	0	0	0	0	0	0	0	0	0	0	5	5	5	6	6	6	8	8	8	8	8	8	8	8	8	8	9	9	9	9	11	11	9	10	10
0	0	0	0	0	0	0	1	1	1	1	1	1	1	1	1	1	1	5	5	5	5	5	5	5	5	4	4	4	5	5	5	5	5	5	6	5	5	5	5
148	153	161	167	173	180	185	189	194	200	203	211	206	201	198	198	190	191	191	185	194	215	225	242	235	231	237	242	263	261	256	257	259	271	280	291	291	299	305	306
1	1	1	1	1	1	1	1	1	1	1	1	1	1	1	1	1	1	2	2	2	2	1	1	1	1	1	1	1	1	1	1	4	4	4	4	4	4	4	4
0	0	0	0	0	1	1	1	1	1	1	1	1	1	2	8	9	10	10	10	10	11	12	12	12	13	14	14	14	14	14	14	14	14	14	13	12	12	10	8
1	1	1	1	1	2	2	2	3	4	5	5	5	5	5	6	7	7	8	8	10	10	10	10	10	10	10	11	11	11	11	10	11	11	10	10	8	8	7	7
0	0	0	0	0	0	0	0	0	0	0	0	0	0	0	0	0	0	0	0	0	2	2	2	2	2	2	2	2	2	2	2	2	2	2	2	2	2	2	2
1	1	1	1	1	1	1	1	1	1	1	1	1	1	1	1	1	2	3	3	3	4	3	3	3	4	4	4	4	4	4	4	4	5	5	5	5	4	3	4
0	0	0	0	0	0	0	0	0	0	0	0	0	0	0	0	1	2	4	4	4	4	4	4	4	4	4	4	4	4	4	4	5	5	5	6	7	6	4	4
0	0	0	0	0	0	0	0	0	0	0	0	0	0	0	0	0	0	1	1	1	2	2	2	2	2	3	3	3	3	3	3	3	3	3	3	3	3	3	3
0	0	0	0	0	0	0	0	0	0	0	0	0	0	0	0	0	0	0	0	0	2	2	2	2	2	2	2	2	2	2	2	2	2	2	2	2	2	2	2
0	0	0	0	0	0	0	0	0	0	0	0	0	0	0	0	0	0	1	1	1	2	2	2	2	2	2	2	2	2	2	2	2	2	2	2	2	2	2	2
0	1	1	1	1	1	1	1	1	1	1	1	1	1	1	1	1	1	1	1	1	4	4	4	4	4	4	5	5	5	7	7	7	8	8	8	11	11	12	12
2	2	2	2	3	4	4	4	4	4	5	5	5	4	4	5	5	7	7	7	6	8	7	7	7	7	8	8	9	8	8	8	8	8	8	8	8	7	6	6
10	10	10	12	12	17	22	23	24	25	26	27	28	28	30	34	35	37	37	36	36	39	37	38	37	35	34	33	33	34	36	35	37	40	40	36	33	30	26	25
2	2	2	2	2	3	3	4	4	4	4	4	4	4	5	5	6	7	7	7	7	7	7	7	6	6	6	4	4	4	4	5	7	7	8	9	8	8	7	8
8	33	34	35	38	38	39	39	39	42	43	44	44	46	45	47	52	54	58	58	60	61	66	63	63	63	63	66	72	71	71	69	68	67	65	64	62	60	58	59
2	2	2	2	2	1	1	1	2	3	3	3	3	3	3	4	5	5	5	5	5	7	7	7	6	7	7	8	8	8	9	10	10	10	10	10	11	11	10	10
0	0	0	0	0	0	0	0	0	0	0	0	0	0	0	0	4	4	5	5	5	5	6	7	7	7	7	7	7	7	7	7	8	8	7	6	6	6	6	5
0	0	0	0	0	0	0	0	0	0	0	0	0	0	0	0	0	0	1	1	2	3	3	3	3	3	3	3	3	3	3	3	3	3	3	3	3	3	3	3
2	2	2	2	2	2	2	2	3	3	4	4	4	3	5	4	5	5	7	7	7	7	7	7	8	8	8	8	8	8	9	9	10	10	10	10	10	9	8	8
0	0	0	0	0	0	0	0	0	0	0	0	0	0	0	0	0	1	5	6	7	7	7	7	7	7	8	8	10	10	10	10	10	10	10	10	9	8	7	8
0	0	0	0	0	14	14	19	22	23	23	23	23	23	24	25	25	26	28	28	28	27	27	26	23	25	26	25	25	25	24	23	21	21	20	19	17	19	17	18
15	15	15	15	17	18	19	18	19	20	20	21	25	23	24	25	26	26	30	32	32	36	36	37	35	35	36	37	37	39	40	40	40	38	40	39	38	36	34	34
3	3	3	3	3	3	3	3	3	3	3	3	3	3	3	3	3	3	7	7	6	8	9	9	9	8	8	8	8	9	9	10	10	10	10	9	9	9	9	9
20	80	86	117	125	139	146	147	150	156	168	177	178	182	186	188	195	198	210	208	211	213	221	214	215	216	220	221	222	221	221	228	228	228	226	228	220	215	209	210
1	1	1	1	1	1	2	3	4	4	5	5	5	5	5	5	6	6	6	7	7	8	8	8	8	8	8	7	6	6	6	6	7	7	7	6	5	5	5	8
0	0	0	0	0	0	0	0	0	0	0	0	0	0	0	0	0	0	0	0	4	4	4	5	6	8	11	13	14	15	16	17	17	17	18	19	19	21	21	21
1	1	1	1	1	1	1	3	3	3	3	3	3	3	3	3	3	5	6	6	6	7	7	7	6	6	6	6	6	7	6	7	7	6	6	6	6	7	7	7
5	5	6	9	10	10	12	10	11	10	10	10	11	13	13	15	17	17	18	18	19	20	23	23	22	23	24	24	24	25	24	23	24	24	24	22	22	21	20	23
0	0	0	0	0	0	0	0	0	0	0	0	0	0	0	0	0	0	2	2	2	2	2	2	2	2	2	2	2	2	2	2	2	2	2	2	2	2	2	2
6	6	6	6	6	6	6	6	7	8	8	8	8	8	8	8	8	7	8	10	11	10	11	11	11	11	11	10	17	20	22	22	23	23	23	23	24	24	24	23
0	0	0	0	0	0	1	2	2	2	2	2	3	3	4	4	4	4	4	4	4	6	5	5	5	5	5	5	5	5	4	4	4	5	5	5	3	3	3	3
1	1	1	1	1	1	1	1	2	1	1	1	1	1	1	1	1	1	1	1	2	4	4	4	4	4	4	4	4	4	4	4	4	4	4	4	4	4	3	5
1	1	1	1	1	1	1	1	1	1	2	2	2	2	3	3	3	2	2	2	4	5	5	5	5	5	5	5	7	8	8	10	11	10	10	11	12	12	12	13
0	0	0	0	0	0	0	0	1	1	3	3	3	3	4	4	7	7	7	8	8	9	9	9	9	10	10	10	9	8	8	8	9	9	9	9	9	9	7	6
1	1	1	2	1	1	3	3	3	3	4	4	5	5	6	7	7	7	8	8	11	11	11	11	11	11	12	12	12	13	13	13	14	14	13	14	13	13	12	13
0	0	0	0	0	0	0	0	0	0	0	0	0	0	0	0	0	0	0	0	0	2	2	2	2	2	2	2	2	3	3	3	3	3	3	3	3	3	3	3
16	20	30	29	28	27	30	30	32	33	38	41	41	41	40	43	44	43	45	47	47	46	46	44	45	45	43	45	45	49	51	49	48	49	50	47	47	47	51	53
5	5	5	5	4	4	4	4	5	6	8	8	8	8	8	8	8	8	8	8	7	9	9	9	9	8	8	8	7	7	8	9	11	11	13	13	14	13	13	13
0	0	1	7	7	7	8	8	9	10	15	18	18	18	19	19	19	19	21	22	22	23	24	23	23	23	19	20	17	16	17	17	17	16	16	17	18	17	18	18
0	0	0	0	0	0	0	0	0	0	0	0	0	0	0	0	0	0	4	4	4	4	4	4	4	5	5	5	5	5	5	5	5	5	5	5	5	4	5	5
0	0	0	0	0	0	0	0	0	0	0	0	0	0	0	0	4	4	4	4	4	4	4	4	4	6	7	7	7	7	7	7	8	8	8	8	7	7	6	5
0	0	0	0	0	0	0	0	0	0	0	0	0	0	0	0	0	1	2	2	2	2	2	2	2	2	2	2	2	2	2	2	3	3	4	4	4	4	4	4
0	0	0	0	0	0	0	0	0	0	0	0	0	0	0	0	0	0	1	1	1	2	2	2	2	3	3	3	3	3	3	3	3	3	3	3	3	3	3	3
0	0	0	0	0	0	2	2	2	2	2	2	3	3	3	4	5	5	6	6	7	8	8	8	7	7	7	9	9	9	9	9	10	10	9	11	11	11	11	11
11	11	12	14	14	11	12	12	12	13	13	13	12	12	15	15	18	19	21	19	21	23	23	24	24	23	23	23	23	24	24	24	25	25	23	23	24	24	25	26
0	0	0	0	0	0	0	3	3	3	4	5	5	5	5	7	7	7	8	9	9	9	9	9	9	9	9	9	9	9	9	9	9	9	10	11	11	11	11	12
0	1	1	1	1	1	1	1	1	1	1	1	2	2	4	4	4	4	6	6	7	8	8	8	8	8	8	7	7	7	7	7	7	7	6	6	5	5	5	5
1	1	1	1	1	1	1	1	1	1	1	1	1	1	1	1	2	2	4	5	5	5	5	5	5	5	6	6	7	6	6	6	6	7	7	8	7	7	7	6
0	0	0	0	0	0	0	0	0	0	0	0	0	0	0	0	0	0	2	2	2	2	2	2	2	2	2	2	2	2	2	2	2	2	2	2	2	2	2	2
0	8	72	78	78	91	106	106	108	115	118	123	124	129	129	130	133	135	140	143	138	132	132	135	130	130	127	121	118	118	116	119	118	116	116	118	114	114	110	110
0	0	0	0	0	0	0	0	3	3	3	3	3	3	3	3	4	5	5	5	5	5	5	5	5	5	5	5	6	6	7	8	10	10	9	9	8	8	8	8
0	0	0	0	0	0	0	0	0	0	0	0	0	0	0	0	0	0	2	2	2	2	2	2	2	2	2	2	2	2	2	2	2	2	2	2	2	2	3	3
0	0	0	0	1	1	1	1	1	1	1	1	1	1	4	8	9	10	10	9	10	12	12	12	12	12	12	12	12	12	12	12	13	13	11	9	8	8	7	6
2	2	2	2	2	3	3	4	6	6	6	6	6	6	7	8	9	10	12	12	13	14	14	13	13	14	16	16	16	16	16	16	16	16	16	16	15	14	15	15
6338	6080	5779	5490	5221	8531	8622	8847	9039	9763	10127	10531	10773	11314	12037	13953	14141	15157	15348	15529	15703	15854	16340	16549	16704	16959	17114	17158	17455	17958	17760	18082	18208	17865	17618	17294	16878	16335	15832	15279
1	1	1	1	1	1	1	1	1	1	1	2	2	2	2	2	2	2	6	6	6	7	7	6	7	7	7	7	7	7	7	7	7	7	7	7	7	6	6	6
0	0	0	0	0	0	0	0	0	0	0	0	0	0	0	2	3	3	3	3	3	3	3	3	3	3	3	4	6	6	7	7	8	8	8	9	9	9	8	8
0	0	0	0	0	0	0	0	0	0	0	0	0	0	0	0	0	1	2	2	2	3	3	3	3	3	3	3	3	4	4	4	4	4	4	4	4	5	4	4
2	2	2	2	3	3	3	3	3	3	4	5	5	5	5	5	5	5	7	5	5	5	6	6	8	8	8	8	9	9	7	7	7	7	7	7	7	7	7	7
0	0	0	0	0	0	0	0	0	0	0	0	0	1	1	1	1	1	3	3	3	3	3	3	3	3	3	3	3	3	3	3	3	3	4	4	4	4	4	4
0	0	0	0	0	0	1	1	1	1	2	2	2	2	2	2	2	2	3	3	4	4	4	5	5	5	5	5	5	6	6	5	5	6	6	6	6	6	6	6
8	8	9	9	10	9	8	8	8	8	8	9	9	10	10	11	11	13	14	18	20	22	23	25	26	25	25	25	25	25	25	25	25	25	25	25	24	24	23	23
0	0	0	0	0	0	0	0	0	0	0	0	0	0	1	1	6	6	8	8	8	8	8	9	9	9	9	9	9	9	9	10	10	10	10	12	11	10	11	11
6	6	7	7	6	5	8	11	11	11	11	11	11	10	10	10	10	10	10	13	13	17	19	19	19	19	19	20	20	18	18	18	18	19	20	20	22	21	19	19
11	10	10	10	12	11	12	11	11	11	12	13	12	11	12	12	13	13	15	14	14	14	15	16	18	18	20	20	23	20	20	20	22	23	24	23	24	24	25	25
4	4	4	4	4	4	4	3	3	3	5	5	5	5	5	6	6	7	8	8	9	11	9	9	9	9	11	12	12	12	13	13	15	16	16	15	15	18	18	18
0	2	2	2	2	2	2	2	2	2	3	3	3	3	3	3	3	3	4	4	4	4	4	4	4	4	3	3	4	5	5	5	5	4	5	5	5	6	6	6
0	0	0	0	0	0	0	0	0	0	0	0	0	0	0	0	0	0	2	2	2	2	2	2	2	2	2	2	3	3	3	3	3	3	3	3	3	3	3	3
0	0	0	0	0	0	0	0	0	0	0	0	0	0	0	0	1	2	3	3	3	3	3	3	3	3	3	3	3	3	4	4	4	4	5	5	5	3	4	5
0	0	0	0	0	0	0	0	0	0	0	0	0	0	0	1	2	2	2	2	3	4	4	5	5	5	5	5	5	5	5	5	6	6	6	6	5	4	4	4
33	36	38	39	39	45	45	49	51	51	51	54	56	57	58	60	63	63	64	65	66	70	72	77	77	82	86	92	93	93	92	88	88	85	84	85	85	83	81	79
0	0	0	0	0	0	0	0	0	1	14	14	14	18	18	19	19	19	22	23	24	24	27	29	29	31	33	33	34	34	34	32	32	31	33	32	33	30	29	27
0	0	0	0	0	0	0	0	0	0	0	0	0	0	0	0	0	0	2	2	3	3	3	3	3	3	3	3	3	3	3	3	3	3	3	3	1	1	1	1
1	1	1	2	2	4	4	4	5	5	5	5	5	5	5	5	5	5	5	5	5	5	5	5	5	5	4	3	2	4	4	4	5	5	8	9	9	8	8	8
8	3	5	7	7	7	7	6	6	7	7	7	9	9	9	10	11	12	18	20	20	19	19	20	20	20	21	23	24	25	25	26	27	27	27	25	23	22	23	21
3	3	5	7	7	7	7	7	8	8	9	9	9	10	10	8	10	9	10	9	9	9	9	14	15	16	16	16	16	16	16	16	16	15	14	14	13	13	11	11
1	1	1	1	1	1	1	2	2	2	2	2	2	2	1	1	1	1	1	1	1	1	1	1	1	0	0	0	0	0	0	0	5	5	6	6	6	6	6	6
1	1	1	1	1	1	2	2	2	2	2	2	2	2	2	1	2	2	2	2	2	3	3	3	3	3	3	2	4	4	4	4	4	4	4	4	4	4	4	4
2	3	4	4	4	4	5	5	5	5	6	6	6	6	6	6	7	7	7	7	8	10	9	9	8	9	9	8	7	8	8	8	8	8	8	8	8	7	7	7
0	0	0	0	0	0	0	0	0	0	0	0	0	0	0	0	1	1	2	2	2	2	2	2	2	2	2	2	3	3	3	3	4	4	4	5	5	5	7	7
0	0	0	0	0	0	0	0	0	0	0	0	0	0	1	1	1	1	2	3	3	5	5	5	5	5	8	8	8	8	8	8	8	8	8	8	8	8	7	7
2	1	1	1	2	2	2	2	2	2	1	1	1	1	2	3	4	4	7	8	8	8	8	8	8	9	9	9	10	11	12	12	12	12	12	12	12	12	11	10
0	0	0	0	0	0	0	0	0	0	0	0	0	0	0	0	0	0	1	1	1	2	2	2	2	2	2	2	2	2	2	2	2	2	2	2	2	2	2	2
1	1	1	0	0	0	0	0	1	1	1	1	1	1	1	3	4	5	6	6	7	7	7	7	6	7	7	7	7	8	8	8	9	10	9	9	9	9	9	8
77	77	74	75	77	73	67	66	62	61	61	73	76	82	90	92	103	102	125	133	151	162	170	187	186	197	202	210	211	215	219	218	225	220	220	220	223	234	226	222
1	4	4	4	4	6	5	5	5	5	5	5	5	5	5	5	5	5	6	5	5	5	6	6	5	5	5	3	4	4	4	4	6	6	6	6	6	6	5	5
0	0	0	0	0	0	0	0	0	0	0	0	0	0	0	0	1	1	1	1	2	3	3	3	3	3	3	3	3	3	3	3	3	3	4	4	4	4	4	5
0	0	0	0	0	0	0	0	0	0	0	0	0	0	1	3	3	3	4	4	4	4	5	6	6	7	7	7	7	7	7	7	7	7	9	8	8	8	8	7
0	0	0	0	0	6	6	6	6	6	6	9	9	9	9	9	9	9	9	9	10	10	10	10	10	10	10	10	10	9	8	6	6	5	5	4	3	3	3	4
0	0	0	0	0	0	0	0	1	1	1	1	1	1	1	1	1	2	3	3	3	3	3	4	4	4	5	4	4	4	5	5	6	6	7	7	7	7	7	7
12	12	13	13	11	11	12	13	13	12	11	11	12	13	13	13	14	14	19	19	21	21	20	20	18	18	19	23	24	24	24	24	25	26	26	29	30	30	30	29
2	2	3	3	3	3	3	3	3	4	3	3	3	3	4	4	4	4	5	5	5	6	6	6	6	6	6	6	7	7	7	7	7	7	7	8	8	9	9	9
0	0	0	0	0	2	2	2	2	2	2	3	3	3	3	7	8	8	9	9	9	9	10	10	10	8	8	9	10	10	10	10	11	11	11	11	11	11	13	13
1	1	2	2	3	3	2	2	2	2	2	2	2	2	2	2	2	2	3	3	3	4	4	3	3	3	2	2	3	3	3	3	3	3	4	4	5	5	5	6
2	2	4	4	5	5	5	5	5	6	8	8	8	8	9	9	8	9	10	10	11	14	14	13	13	14	14	14	14	14	15	15	14	15	15	13	13	13	13	13
0	0	0	0	0	0	0	0	0	0	0	0	0	0	0	0	0	0	2	2	2	2	2	2	2	2	3	3	4	4	4	4	5	5	5	5	5	5	5	4
0	0	0	0	0	0	0	0	0	0	0	0	0	0	0	0	0	0	0	0	0	2	3	4	4	4	4	4	4	4	4	4	4	4	4	4	4	4	4	4
0	0	0	0	0	0	0	0	2	5	11	11	12	13	13	13	13	15	16	17	17	19	19	19	18	19	18	19	19	18	19	19	20	21	20	20	18	18	18	16
2	1	1	1	1	1	2	2	2	3	3	3	3	4	4	3	4	4	5	5	5	7	7	7	7	7	7	9	10	10	10	10	10	11	12	12	12	11	10	10
0	0	0	0	0	0	0	0	0	0	0	1	1	1	3	4	5	5	6	6	7	7	7	7	8	8	8	8	9	11	11	11	11	11	11	11	11	12	11	11
1	1	1	1	1	2	2	2	2	3	3	3	3	3	3	3	4	5	5	5	5	8	8	8	8	8	8	7	7	6	6	6	6	6	6	6	6	6	6	6
0	0	0	0	0	0	0	0	0	0	1	1	1	1	1	1	1	1	2	2	2	3	3	4	4	5	5	5	5	5	5	5	5	5	5	5	5	4	4	4
8	8	8	7	7	10	10	10	11	11	12	12	11	13	13	13	18	19	21	21	22	23	23	20	19	19	19	19	19	19	19	20	19	19	20	21	22	20	20	20
5	5	6	10	10	10	10	10	10	12	13	12	12	13	13	14	16	15	17	17	19	21	20	21	21	22	22	22	22	23	24	23	23	23	22	19	20	18	19	19
0	0	0	0	0	0	0	0	0	0	0	0	0	0	0	0	0	0	2	2	2	2	2	2	2	2	2	2	2	2	2	2	2	2	2	2	2	2	2	2
0	0	42	44	44	49	49	51	53	54	55	55	56	60	62	64	70	69	71	72	69	71	71	67	66	67	69	70	67	66	65	66	70	69	69	69	65	64	63	66
2	2	47	67	86	91	105	110	112	115	117	120	122	130	132	140	146	156	160	161	163	165	164	162	151	144	146	147	145	145	142	137	141	137	139	138	133	129	127	123
0	1	14	15	16	18	19	19	20	21	22	22	25	25	25	25	25	26	27	27	32	30	29	37	36	35	35	34	33	30	35	34	35	36	36	34	34	30	33	34
0	0	0	0	0	0	0	0	0	0	0	0	0	0	0	0	1	3	4	6	7	7	7	8	8	9	10	10	10	11	12	12	13	13	13	12	12	13	14	15
1	1	1	1	0	0	0	0	0	0	0	1	1	1	1	1	1	2	5	5	5	5	5	5	5	5	6	6	6	6	6	7	7	6	6	6	6	6	6	6
0	0	0	0	0	0	0	0	0	0	1	4	4	4	4	4	4	4	5	5	6	6	7	7	7	7	7	7	8	8	8	6	6	7	7	7	7	7	7	6
0	0	0	0	0	0	0	1	1	1	1	2	2	2	2	2	2	2	4	5	5	5	5	5	6	6	6	6	6	6	6	6	7	7	6	5	6	6	6	7
0	0	0	0	0	3	10	11	11	13	13	16	16	17	17	18	19	20	21	21	22	22	22	22	22	21	18	15	15	14	13	11	11	11	11	11	10	7	9	9
0	0	0	0	0	0	0	0	0	0	0	0	0	0	0	0	0	1	3	4	4	4	4	4	4	5	5	5	5	5	6	6	6	6	6	6	6	5	5	5
0	0	0	0	0	0	0	0	0	0	0	0	0	0	0	0	0	0	0	0	0	2	2	2	2	2	2	2	2	2	2	2	2	2	2	2	2	2	2	2
0	0	0	0	0	0	0	0	1	1	1	1	2	2	2	3	4	5	5	5	7	9	10	11	11	11	11	11	11	12	11	11	12	11	11	11	13	13	14	14
0	0	0	0	0	0	0	0	0	0	0	0	2	2	5	6	7	7	8	8	8	9	9	10	10	10	10	10	10	11	11	11	12	12	12	11	11	11	7	7
1	1	1	1	1	1	1	1	2	1	1	2	2	2	3	3	4	4	4	4	4	5	5	6	6	7	7	7	7	7	5	5	6	6	6	6	7	7	6	7
0	0	0	0	0	0	0	0	0	0	0	0	0	0	0	0	0	0	0	0	0	2	2	2	2	2	2	2	2	2	2	2	2	2	2	2	2	2	2	2
0	0	0	0	0	0	0	0	0	0	0	0	0	0	0	0	0	0	1	1	1	2	2	3	3	3	3	3	3	3	3	3	3	3	3	3	3	3	3	3
1	1	1	1	1	1	1	1	1	1	1	1	1	0	0	0	0	1	1	1	1	2	2	2	2	2	2	2	2	2	2	2	3	3	3	3	3	4	3	4
0	0	0	0	0	0	0	0	0	0	0	0	0	0	0	0	0	0	0	0	0	2	2	2	2	2	2	2	2	2	2	2	2	2	2	2	2	2	2	2
1	1	1	1	1	1	1	1	1	1	0	0	0	0	0	0	0	0	1	1	1	2	2	2	2	2	3	3	3	3	3	3	3	3	4	4	4	4	4	4
0	0	1	2	3	5	5	5	5	5	5	5	5	5	5	5	5	5	6	6	6	7	8	8	8	10	10	10	10	10	10	10	10	9	9	9	9	8	8	8
0	0	0	0	0	0	0	0	1	1	1	1	1	1	1	1	4	4	5	5	5	5	5	5	5	5	4	4	4	4	4	4	4	4	4	3	3	5	6	6
0	0	0	0	0	0	0	0	0	0	0	0	0	0	0	0	0	0	1	1	1	2	2	2	2	2	2	2	2	2	2	2	2	2	2	2	2	2	2	2
0	0	0	0	0	0	0	0	0	0	0	0	0	0	0	0	1	1	3	3	3	3	3	3	3	3	3	3	3	3	3	3	3	3	2	2	2	2	2	2
1	0	0	1	1	1	1	1	1	1	1	1	1	1	1	1	1	1	1	1	1	2	2	2	2	2	2	1	2	2	3	3	4	4	4	4	4	4	4	4
0	0	0	0	0	0	0	1	1	1	1	1	1	1	1	1	1	1	3	3	3	3	3	3	3	3	3	2	2	2	2	2	2	2	2	2	2	2	2	2
9	10	12	12	12	12	12	12	12	10	9	8	8	9	9	9	8	8	9	9	9	9	9	10	12	12	13	12	15	17	17	17	19	18	21	21	21	21	22	22
0	0	1	1	1	1	1	1	1	2	2	5	5	5	5	5	5	5	5	6	7	8	9	11	12	13	13	13	13	13	12	12	12	12	12	10	9	10	9	9
1	1	1	1	4	4	5	5	5	4	5	6	6	6	6	7	8	8	8	8	8	9	10	10	9	9	9	9	8	7	7	7	8	9	10	9	9	10	10	11
0	0	0	0	0	0	0	0	0	0	0	0	0	0	0	0	0	0	5	5	5	6	6	6	6	6	7	7	7	7	7	7	7	7	7	7	5	5	5	5
0	0	0	0	0	0	0	0	0	0	0	0	0	0	0	3	3	3	4	4	4	4	4	5	6	6	6	6	6	6	6	6	6	6	6	7	7	7	7	7
0	0	0	0	0	0	0	0	0	0	0	0	0	0	0	1	1	1	3	4	4	4	4	4	4	4	4	4	4	4	4	4	4	4	4	4	4	4	4	4
4	6	9	9	10	10	10	10	10	10	10	10	10	12	17	20	26	26	29	29	29	29	31	33	32	29	29	30	29	29	29	29	28	28	29	28	28	26	27	27
0	0	0	1	1	1	2	8	8	8	8	8	9	9	10	11	11	12	13	13	14	15	15	15	13	12	12	12	12	11	11	11	11	11	12	13	12	10	10	10
2	2	2	2	2	2	4	5	6	6	6	7	6	6	6	7	8	7	8	8	8	9	9	9	9	9	9	10	10	10	9	10	10	9	9	9	9	9	9	9
