1000522	1001331	1	1
1001328	1001816	1	1
1002324	1004498	1	1
1004870	1005778	1	-1
1005903	1007312	1	1
1007368	1008645	1	-1
1008680	1010068	1	-1
1010478	1011809	1	1
1011931	1013280	1	1
1013325	1014434	1	1
101378	101644	1	1
1014484	1015626	1	1
1015623	1016540	1	1
101648	102046	1	1
1016537	1017379	1	1
1017410	1017964	1	1
1018059	1019546	1	-1
1019959	1020699	1	1
1020925	1021659	1	1
1024233	1024652	1	1
1024830	1027148	1	1
1027460	1028218	1	1
1029655	1031646	1	-1
1031961	1032311	1	1
103217	104419	1	-1
1032385	1033782	1	1
1033782	1034174	1	1
1034227	1034817	1	1
1034842	1035723	1	1
1035799	1036338	1	1
1038310	1038858	1	-1
1039721	1043182	1	-1
1043188	1043757	1	-1
1044009	1045217	1	1
1045210	1045917	1	1
1045920	1047164	1	1
1047317	1047826	1	-1
1047835	1050093	1	1
1051877	1052884	1	1
1052865	1053044	1	1
1053044	1053802	1	1
1053889	1055448	1	-1
1055460	1056731	1	-1
1056781	1058715	1	-1
1059860	1060528	1	-1
1061565	1062542	1	-1
106674	107108	1	1
1067283	1068734	1	1
1068967	1069737	1	1
1069822	1070592	1	1
1070674	1071414	1	1
1071418	1072098	1	1
1072164	1072970	1	-1
107247	107444	1	-1
1073255	1074142	1	-1
1074270	1074698	1	1
1074701	1075396	1	1
1075690	1075857	1	-1
1075857	1076402	1	-1
1076399	1077184	1	-1
1080963	1081625	1	1
1081701	1082402	1	-1
1085083	1085301	1	-1
1089844	1090554	1	-1
1090594	1091070	1	1
1092593	1092859	1	-1
1096796	1098013	1	1
1098003	1099475	1	1
1099582	1100385	1	1
1100414	1100728	1	-1
1100728	1101420	1	-1
1104372	1105019	1	-1
1106092	1106877	1	-1
1106992	1107783	1	1
1107786	1109123	1	1
1109104	1109829	1	1
1114368	1115411	1	-1
1115577	1117067	1	1
1117327	1118967	1	1
1119462	1120430	1	-1
1120434	1121939	1	-1
1121957	1122697	1	-1
1122918	1123889	1	-1
1123963	1124700	1	-1
1124821	1125687	1	-1
1127847	1128368	1	1
1128379	1129050	1	1
1132211	1133347	1	1
1133360	1133467	1	1
1133935	1134354	1	1
1134344	1135042	1	1
1135046	1135489	1	1
1135503	1136570	1	1
1136584	1137936	1	1
1137967	1138491	1	1
1138507	1139265	1	1
1140641	1141684	1	1
114154	114696	1	1
1141684	1142100	1	1
1142109	1142678	1	1
1142687	1143850	1	1
1143936	1144397	1	-1
1144433	1145590	1	-1
1146756	1147652	1	-1
1147788	1148201	1	-1
1149107	1151533	1	1
1151948	1152397	1	1
1152816	1153427	1	1
1153424	1154554	1	1
115411	116802	1	1
1154670	1157060	1	1
1157148	1158068	1	-1
1158303	1159955	1	1
1160046	1160957	1	1
1160994	1162148	1	1
1162141	1162941	1	1
1162961	1163578	1	1
1163654	1164577	1	1
1164819	1165358	1	-1
1165459	1166622	1	1
1167096	1168235	1	1
116870	117874	1	-1
1171496	1171948	1	1
1172004	1172960	1	-1
1173137	1173907	1	-1
1174010	1174774	1	-1
1176164	1177357	1	1
1178734	1179228	1	1
1179381	1182461	1	1
118022	120568	1	-1
1182538	1183164	1	1
1183171	1184520	1	1
1187412	1188464	1	1
1188451	1189602	1	1
1189602	1190408	1	1
1191639	1192508	1	1
1192712	1193131	1	1
1193128	1193853	1	1
1193867	1195159	1	1
1195161	1195970	1	1
1195964	1197220	1	1
1197227	1197739	1	1
1197699	1198295	1	1
1198340	1198828	1	1
1200447	1201064	1	-1
1202391	1202660	1	1
120658	122061	1	-1
1207196	1209676	1	-1
1209851	1210807	1	-1
1211356	1212252	1	1
1212258	1213550	1	1
1213566	1214606	1	1
1214675	1215748	1	1
1215785	1216399	1	1
1216413	1217150	1	1
1217132	1217905	1	1
1218606	1219109	1	-1
1220523	1221251	1	-1
122112	123158	1	-1
1224121	1224759	1	-1
1224756	1225583	1	-1
1225896	1226132	1	-1
1226435	1227295	1	1
1227779	1228582	1	-1
1229023	1229202	1	1
1229253	1230437	1	1
1230463	1232925	1	1
123289	123870	1	-1
1233156	1234895	1	1
1234956	1236170	1	-1
1237347	1237736	1	1
1237803	1238591	1	-1
1238588	1239583	1	-1
1239583	1240470	1	-1
1240457	1241419	1	-1
1241419	1243038	1	-1
1243275	1244282	1	-1
1244515	1245186	1	1
1245201	1245434	1	1
1245427	1245816	1	1
1245973	1247007	1	1
1247009	1248094	1	1
1248091	1251192	1	1
1251256	1251825	1	1
1253330	1254784	1	-1
1255153	1256580	1	1
1256789	1257481	1	1
1258538	1259593	1	-1
1259677	1261338	1	-1
1261513	1263042	1	-1
1263253	1263729	1	-1
1263854	1264465	1	-1
1264458	1265105	1	-1
1265071	1266780	1	-1
1266790	1267935	1	-1
1268922	1269170	1	1
1269917	1271620	1	-1
1272687	1274036	1	-1
1274026	1274685	1	-1
1274697	1275131	1	-1
1275264	1277015	1	-1
1278277	1279479	1	1
127929	128486	1	1
1279479	1280138	1	1
1280214	1282196	1	-1
1282207	1283193	1	-1
1283246	1285558	1	-1
128509	129150	1	-1
1286124	1286747	1	1
1286778	1287380	1	1
1287419	1288861	1	-1
1288956	1290332	1	1
1290526	1291197	1	1
1291178	1293631	1	1
1293631	1294752	1	1
1295105	1296256	1	1
1296798	1297424	1	1
130102	130536	1	1
1301270	1302952	1	-1
1303701	1304942	1	1
130643	131560	1	1
1308070	1308582	1	-1
1308797	1309702	1	-1
1309813	1310733	1	-1
1311104	1311691	1	1
1312610	1313107	1	-1
1313104	1315044	1	-1
1315231	1316496	1	1
131546	133606	1	-1
1317999	1319336	1	1
1321104	1322891	1	-1
1324315	1324971	1	1
1324955	1326190	1	1
1331698	1334052	1	1
1334339	1334716	1	1
1335083	1336756	1	1
133750	135378	1	-1
1338160	1338552	1	-1
1338919	1339104	1	-1
1339282	1340238	1	-1
1342061	1342741	1	-1
1343006	1346041	1	1
1346121	1346582	1	1
1346627	1347529	1	-1
1347676	1348500	1	1
1348518	1349504	1	1
1350598	1351596	1	-1
1351598	1352848	1	-1
1352976	1353683	1	-1
1353947	1354690	1	1
1354695	1355681	1	-1
1358094	1358483	1	1
1358605	1358799	1	1
1359835	1360644	1	1
1366403	1367323	1	-1
1367386	1367568	1	1
1367565	1368560	1	1
1368578	1369456	1	-1
1370413	1371189	1	-1
1371505	1372155	1	1
137260	138177	1	1
1373570	1374457	1	-1
1374787	1375464	1	-1
1375466	1375870	1	-1
1375899	1377350	1	-1
1377413	1378699	1	1
1378846	1379691	1	1
1380937	1381260	1	1
138214	140235	1	1
1382366	1382671	1	-1
1382845	1383246	1	-1
1384245	1384673	1	-1
1385933	1386481	1	1
1386694	1387467	1	1
1388196	1388777	1	1
1388953	1389573	1	1
1389705	1390388	1	1
1390746	1391183	1	1
1391237	1391914	1	1
1392291	1392749	1	1
1392791	1392976	1	1
1393096	1394310	1	1
1394749	1395318	1	1
1395290	1397266	1	1
1397266	1397787	1	1
1397787	1399340	1	1
1399312	1401282	1	1
1401343	1401534	1	1
1401527	1401805	1	1
1401802	1402434	1	1
140235	141737	1	1
1402424	1402870	1	1
1402873	1403373	1	1
1403379	1403819	1	1
1403885	1404169	1	1
1404150	1406381	1	1
1406381	1406977	1	1
1406974	1407525	1	1
1407529	1412517	1	1
1412524	1414218	1	1
1414215	1414841	1	1
1414987	1416303	1	1
1416992	1417177	1	1
1417349	1417858	1	1
141737	142954	1	1
1418855	1419583	1	1
1419933	1420550	1	1
1420740	1421213	1	1
1423950	1424561	1	1
1425623	1426423	1	1
1426420	1426953	1	1
1426965	1427582	1	1
1427669	1429474	1	1
1429784	1430812	1	1
143015	143458	1	1
1430907	1431920	1	1
1431910	1432674	1	1
1433471	1434052	1	-1
1434119	1435342	1	-1
143491	144090	1	1
1435454	1436323	1	1
1436331	1436561	1	-1
1436711	1437226	1	1
1437213	1438337	1	1
1438539	1438796	1	1
1439686	1440468	1	1
144077	144466	1	1
1441149	1441592	1	1
1442337	1442597	1	1
1442674	1443462	1	1
1443820	1444611	1	1
1444708	1445187	1	1
144477	145118	1	1
1445221	1445865	1	1
1445980	1446747	1	-1
1446750	1447802	1	-1
1449214	1449651	1	-1
145111	146121	1	1
1451471	1452544	1	1
1452537	1453667	1	1
1453677	1454714	1	1
1454729	1455397	1	1
1455541	1456203	1	1
1456370	1456708	1	1
1458384	1459109	1	1
1459127	1460896	1	1
146090	147289	1	1
1460903	1462222	1	1
1463038	1464234	1	1
1465296	1465586	1	1
1465769	1466641	1	-1
1466715	1467953	1	-1
1468213	1468545	1	1
1468609	1469559	1	-1
1469897	1470829	1	1
1470954	1471931	1	1
1472074	1472727	1	1
1472768	1473643	1	1
147297	147788	1	1
1473959	1475458	1	1
1476457	1477413	1	1
1477438	1478424	1	1
147850	148551	1	1
1478508	1479440	1	-1
1479689	1480603	1	-1
1480854	1481888	1	-1
1482602	1483987	1	1
1484001	1485419	1	1
1485505	1486809	1	1
1487378	1488841	1	-1
1488834	1489115	1	-1
1489972	1490949	1	-1
1491064	1491681	1	1
1491768	1492217	1	-1
1492561	1494360	1	-1
1494634	1495404	1	-1
1495528	1496334	1	-1
1496709	1497650	1	1
149708	150277	1	-1
1497736	1498077	1	-1
1500630	1501586	1	-1
1501781	1502986	1	-1
1502996	1503808	1	-1
1503805	1504122	1	-1
1504122	1504640	1	-1
1504637	1505995	1	-1
1506132	1507025	1	1
1507303	1508685	1	1
1510997	1512664	1	-1
151119	151841	1	-1
1513763	1517566	1	-1
15166	15426	1	1
1517563	1519932	1	-1
1519935	1520762	1	-1
1520765	1524799	1	-1
1524796	1525245	1	-1
1525270	1525569	1	-1
1525595	1527388	1	-1
1527401	1528066	1	-1
1528298	1528741	1	-1
1528827	1529306	1	-1
1529389	1530942	1	-1
1533274	1533633	1	1
1533769	1534698	1	-1
1534756	1535487	1	-1
1535494	1536165	1	-1
1536504	1537943	1	1
1538054	1539235	1	1
1539235	1540803	1	1
1540803	1542032	1	1
1542057	1543310	1	1
1543300	1544169	1	1
1544191	1544775	1	1
1544778	1545305	1	1
1547566	1548555	1	1
1548548	1549411	1	1
1549422	1550222	1	1
1550219	1551154	1	1
1551166	1552179	1	1
1552272	1553630	1	1
1553685	1554503	1	-1
1555037	1555645	1	1
1555722	1556624	1	-1
1556602	1559991	1	-1
155891	157771	1	1
1560295	1561569	1	1
1561722	1563386	1	1
1563389	1564474	1	1
1564471	1565307	1	1
1565304	1565999	1	1
1566004	1566861	1	1
1566966	1567268	1	1
1568	2668	1	1
1569377	1569865	1	1
1569865	1570527	1	1
1570530	1571171	1	1
1571183	1571713	1	1
1572090	1573508	1	1
1573512	1574849	1	1
1574836	1575309	1	1
1576039	1576977	1	-1
1577335	1577937	1	1
1578325	1579530	1	1
157900	158403	1	1
1579776	1580891	1	1
1580994	1581212	1	1
1581287	1581835	1	-1
1582109	1583887	1	-1
1583888	1585630	1	-1
158502	158801	1	1
1586013	1586699	1	-1
1586786	1586980	1	1
1587068	1589890	1	-1
158985	159704	1	1
1589946	1591910	1	-1
1592981	1593511	1	1
1593696	1594136	1	-1
1594258	1596198	1	-1
1596208	1596552	1	-1
1596793	1597305	1	1
1597419	1598003	1	-1
1598190	1602161	1	1
1602342	1602824	1	1
1603054	1603569	1	1
1603908	1605491	1	1
1605612	1606001	1	1
1606160	1607002	1	1
1607016	1608023	1	-1
1608125	1609495	1	-1
1609785	1610396	1	1
1610459	1610653	1	-1
1610885	1611751	1	-1
1611916	1612950	1	1
1612950	1613912	1	1
1614071	1614415	1	1
1614468	1614950	1	-1
1615100	1617106	1	1
1617419	1617799	1	1
1617861	1618679	1	-1
16180	17130	1	1
1618774	1619568	1	1
1619744	1620652	1	1
1620841	1621326	1	1
1621396	1621662	1	-1
1621826	1623604	1	-1
1623601	1624188	1	-1
1624166	1624885	1	-1
1624929	1625627	1	-1
1625634	1626452	1	-1
1626773	1628224	1	1
1628214	1630256	1	1
1630398	1631990	1	1
1632308	1633138	1	-1
1633468	1633935	1	1
1633925	1634539	1	1
1634844	1636505	1	1
1636515	1637141	1	1
1637215	1637415	1	1
1637426	1640281	1	1
1640293	1640901	1	1
1640916	1641968	1	1
1641952	1642368	1	1
1642664	1643278	1	1
1643239	1644120	1	-1
1644254	1645672	1	1
1645987	1647207	1	1
1647584	1648306	1	1
1649647	1650678	1	-1
165009	165692	1	-1
1650785	1651555	1	-1
1651555	1652415	1	-1
1652396	1653571	1	-1
1653912	1654712	1	1
1654970	1655629	1	1
1655822	1656715	1	1
1656828	1657775	1	-1
1658793	1659443	1	-1
1659479	1659643	1	-1
1659659	1662022	1	-1
1662027	1662503	1	-1
1663583	1663756	1	-1
1663766	1664386	1	-1
1666086	1666442	1	1
1666556	1667737	1	1
1667727	1669457	1	1
1671461	1672285	1	-1
1672285	1672692	1	-1
1673370	1673840	1	-1
1673952	1674428	1	-1
1674840	1675409	1	-1
1675530	1675862	1	-1
1676293	1676838	1	-1
1676954	1678594	1	1
167913	168185	1	-1
1679353	1679526	1	-1
1679698	1681419	1	-1
1681427	1683346	1	-1
1683581	1685704	1	-1
1688230	1693071	1	-1
1696386	1697051	1	-1
1699271	1699897	1	-1
1699996	1700469	1	-1
1700562	1702358	1	1
1702386	1703633	1	1
1703626	1706274	1	1
170562	171194	1	-1
1706417	1707853	1	1
1708173	1709006	1	-1
1709191	1710543	1	1
1710560	1711057	1	-1
171199	171606	1	-1
1713113	1714033	1	-1
1714495	1715523	1	1
1715750	1716955	1	1
171632	172159	1	-1
1716957	1718054	1	1
1718078	1718827	1	1
1719080	1719742	1	1
1719817	1720191	1	-1
1720561	1720890	1	1
1720891	1721163	1	-1
1721441	1722634	1	1
172169	173530	1	-1
1722698	1732552	1	-1
1732954	1734270	1	1
1734273	1734893	1	1
173534	174298	1	-1
1735572	1737533	1	1
1737565	1738260	1	-1
1738275	1738943	1	-1
1739138	1739947	1	1
1740067	1740549	1	-1
1740788	1741348	1	1
1741485	1741961	1	-1
1741977	1742462	1	-1
1743579	1745516	1	-1
174371	176971	1	-1
1745814	1746944	1	-1
1747221	1748177	1	1
1748640	1750796	1	1
1750886	1752337	1	-1
1752741	1753217	1	-1
1753409	1755286	1	-1
1755321	1756517	1	-1
1756527	1759118	1	-1
1759310	1760452	1	-1
1762492	1762890	1	-1
1763126	1764097	1	1
1764345	1764839	1	1
1764859	1766385	1	1
1766529	1767299	1	1
1767361	1768332	1	-1
1768544	1770064	1	-1
1770322	1772079	1	1
1772787	1772990	1	1
1774557	1775276	1	-1
1777280	1778224	1	1
177790	178815	1	1
1778345	1780480	1	1
1780564	1781250	1	-1
1781247	1782866	1	-1
1783347	1783574	1	1
1783707	1785122	1	1
1785126	1786106	1	1
1786128	1787294	1	1
1787291	1788442	1	1
178817	179860	1	1
1788587	1790011	1	-1
1790102	1790488	1	-1
1790504	1791769	1	-1
1791805	1792338	1	-1
1793055	1794242	1	1
1794247	1795326	1	1
1795319	1796326	1	1
1796569	1797180	1	1
1797188	1798723	1	1
1798734	1799417	1	1
179898	181724	1	1
1799426	1800220	1	1
1800235	1800870	1	1
1800874	1801530	1	1
1801520	1802932	1	1
1803133	1805073	1	1
1805344	1805727	1	1
1805815	1806549	1	-1
1807219	1809864	1	-1
1810423	1811394	1	1
1811431	1812090	1	-1
1814571	1815584	1	1
1815572	1816333	1	1
1818380	1819861	1	1
1820053	1821015	1	1
1823226	1824092	1	-1
1824574	1825548	1	-1
1825901	1826257	1	-1
1826621	1827562	1	1
1827712	1828434	1	1
1828601	1831765	1	1
1831777	1832253	1	1
1832255	1833346	1	1
1833343	1833669	1	-1
1833895	1834329	1	-1
1834490	1834846	1	-1
1834867	1835349	1	-1
1836432	1837703	1	-1
1837715	1839142	1	-1
1839214	1840296	1	-1
1840309	1841175	1	-1
18425	19600	1	-1
1842519	1844003	1	-1
1844039	1844596	1	-1
1845700	1847043	1	1
1847062	1848537	1	1
1848928	1849482	1	1
1849924	1851639	1	1
1851930	1852130	1	1
1852239	1853168	1	-1
1853177	1853911	1	-1
1853936	1855021	1	-1
185478	186425	1	1
1855024	1856172	1	-1
1856239	1857261	1	-1
1857427	1858335	1	1
1858353	1858766	1	-1
1858804	1859133	1	-1
1859201	1859851	1	-1
1859931	1860647	1	-1
1860680	1860994	1	-1
1861588	1861950	1	-1
1862018	1862635	1	-1
1862766	1863182	1	-1
1863331	1863681	1	-1
1863789	1864328	1	-1
1864383	1864901	1	-1
1864986	1865423	1	-1
186511	188610	1	1
1865513	1865974	1	-1
1865991	1866431	1	-1
1866721	1867299	1	-1
1867334	1867786	1	-1
1867882	1868436	1	1
1868741	1868860	1	1
1869472	1869852	1	-1
1870052	1870591	1	-1
1871474	1874140	1	1
1874218	1874880	1	1
1874921	1876060	1	1
1876154	1876633	1	-1
1877491	1879005	1	-1
1879846	1880064	1	-1
1880960	1882129	1	-1
1882410	1883789	1	1
1883929	1884384	1	-1
1884563	1885387	1	-1
1886204	1887226	1	1
1887384	1888859	1	1
1889981	1890997	1	-1
1891243	1892181	1	1
1894878	1897574	1	1
1898143	1900074	1	1
1900501	1902408	1	1
1902520	1903260	1	1
1903607	1904449	1	1
1904639	1905289	1	1
1905344	1906231	1	-1
1906270	1907121	1	-1
1907595	1907915	1	1
1907944	1908774	1	1
1908771	1910864	1	1
1910864	1911559	1	1
1911568	1912368	1	1
1912381	1914693	1	1
1914717	1916177	1	1
1916158	1917213	1	1
1917351	1918556	1	1
1918549	1919730	1	1
1919756	1921183	1	1
1921210	1922565	1	1
1922653	1923366	1	1
192277	192867	1	-1
1923377	1924492	1	1
1924489	1925919	1	1
1926057	1927148	1	1
1927145	1928347	1	1
1928344	1928982	1	1
1929215	1929511	1	-1
1929586	1930107	1	-1
1930393	1933365	1	-1
1933851	1934186	1	-1
1934322	1934729	1	-1
1934893	1935360	1	-1
1935500	1935904	1	-1
1936062	1937174	1	-1
1938388	1938990	1	-1
1939133	1939609	1	-1
1941351	1941776	1	-1
1941828	1942352	1	-1
1942356	1942778	1	-1
1942797	1943096	1	-1
1943350	1945173	1	-1
194515	195189	1	1
1945151	1946593	1	-1
1946844	1948739	1	-1
1948711	1949253	1	-1
1949355	1950089	1	-1
1950125	1950304	1	-1
1950304	1950798	1	-1
1950798	1951064	1	-1
1951135	1951824	1	-1
1951918	1952292	1	1
1952485	1952862	1	1
1952980	1953612	1	1
1953694	1954665	1	-1
1954677	1954982	1	-1
195493	195729	1	1
1955284	1955472	1	-1
1955638	1956657	1	-1
1956657	1956872	1	-1
1957225	1957416	1	-1
1957413	1957922	1	-1
195743	195913	1	1
1958202	1959002	1	1
1959032	1959895	1	1
1960861	1961253	1	1
196100	196576	1	1
1961294	1962112	1	1
19616	21787	1	-1
1962163	1962540	1	1
1962747	1963004	1	1
1963004	1963219	1	1
1963323	1963553	1	1
1963553	1964788	1	1
1966267	1966854	1	-1
196672	197481	1	1
1966856	1967440	1	-1
1967477	1969021	1	-1
1969122	1970162	1	-1
1970159	1971535	1	-1
1975439	1976038	1	1
198047	199078	1	-1
1981905	1983302	1	-1
1983475	1983735	1	1
1985687	1986328	1	-1
1986535	1988424	1	1
1988433	1989152	1	1
1989223	1991106	1	-1
199075	200142	1	-1
1991315	1992886	1	-1
1993270	1993767	1	1
1993805	1994443	1	-1
1994436	1995791	1	-1
1995889	1997175	1	-1
1997188	1997727	1	-1
1997847	1998935	1	-1
2000195	2000875	1	1
2000902	2001558	1	-1
2001681	2002229	1	-1
2002402	2003943	1	-1
2004096	2005169	1	-1
2005159	2006196	1	-1
2006207	2007607	1	-1
2013799	2014506	1	1
2017372	2018505	1	1
2018896	2019888	1	-1
2019923	2020951	1	-1
2021093	2021719	1	1
2021780	2023012	1	-1
2026344	2027597	1	-1
202975	203361	1	1
2032659	2034491	1	-1
203370	204077	1	1
2035651	2038014	1	1
2038028	2038795	1	-1
2041307	2042017	1	1
2042764	2043633	1	-1
2043730	2043855	1	1
2044031	2045593	1	1
204413	205522	1	1
2045600	2046190	1	1
2046210	2047208	1	1
2047222	2048661	1	1
2048702	2049892	1	1
2049892	2050698	1	1
2050972	2051664	1	1
2051763	2053304	1	-1
205524	206492	1	1
2055534	2058071	1	1
2058161	2058403	1	1
2058478	2059098	1	1
2059301	2059696	1	1
2059811	2060107	1	1
2060616	2062898	1	-1
2063160	2064071	1	1
2064423	2065109	1	-1
2065267	2067294	1	-1
2070167	2070844	1	1
2070841	2072121	1	1
2072239	2073135	1	1
2073166	2073708	1	-1
2073848	2074708	1	-1
2074808	2075872	1	1
207563	208813	1	-1
2075881	2076906	1	1
2077270	2077803	1	1
2077860	2078375	1	-1
2078375	2080483	1	-1
2080546	2080812	1	-1
2081137	2082042	1	-1
2082297	2083133	1	-1
2083664	2085220	1	-1
2085649	2087106	1	1
2087106	2088050	1	1
2088047	2091394	1	1
208807	209871	1	-1
2091497	2094070	1	1
2094067	2094948	1	1
2094971	2095579	1	-1
2095598	2097433	1	-1
2097611	2098378	1	1
2098375	2099505	1	1
209879	210859	1	-1
2099523	2102615	1	1
2102745	2103356	1	1
2103365	2104417	1	1
2104703	2106022	1	1
2106015	2107661	1	1
2107661	2108230	1	1
2108296	2110020	1	-1
2110017	2110685	1	-1
2110682	2111431	1	-1
2111490	2112494	1	-1
2112995	2113234	1	1
2113306	2115144	1	-1
2116378	2117553	1	-1
2117572	2117865	1	-1
212058	214265	1	-1
2122787	2123533	1	1
2123664	2124356	1	1
2124364	2125767	1	1
2125774	2128848	1	1
2128946	2130163	1	-1
2130524	2131966	1	1
2132036	2133193	1	-1
2133447	2134037	1	1
2134505	2135971	1	1
2141247	2142014	1	-1
2142005	2142967	1	-1
214262	215014	1	-1
2142993	2143625	1	-1
2143622	2144638	1	-1
2144635	2145450	1	-1
2147401	2148138	1	-1
2148177	2149100	1	-1
2149177	2150127	1	-1
2150133	2151158	1	-1
215014	215685	1	-1
2152073	2152654	1	1
2152711	2153655	1	-1
2159498	2159947	1	-1
2160742	2162817	1	-1
2163839	2164915	1	-1
216465	217565	1	-1
2167367	2168173	1	1
2169735	2171321	1	1
2171404	2171940	1	1
2172797	2173765	1	1
2173815	2175278	1	-1
2175356	2177182	1	-1
217682	219091	1	-1
2177339	2178133	1	-1
2178130	2179065	1	-1
2179298	2180263	1	-1
2180641	2181093	1	-1
2184995	2186269	1	-1
2186433	2187383	1	-1
2188545	2189516	1	-1
2189542	2190444	1	-1
2190460	2191380	1	-1
219138	220100	1	-1
2194221	2194478	1	-1
2194475	2194954	1	-1
2194982	2195494	1	-1
2196891	2197787	1	1
2197865	2198203	1	-1
2198206	2199612	1	-1
2199898	2201928	1	-1
220100	220747	1	-1
2202914	2203492	1	1
2203496	2204092	1	1
2204101	2206821	1	1
22060	22683	1	1
2206821	2207867	1	1
2207875	2208507	1	1
2208504	2209196	1	1
220894	221808	1	-1
2209272	2209913	1	1
2209946	2210362	1	1
2210504	2210938	1	1
2211018	2211899	1	-1
2212218	2212868	1	1
2214301	2214930	1	-1
2216365	2216868	1	1
2217051	2217734	1	1
2217888	2220590	1	-1
221861	223594	1	-1
2221293	2221931	1	1
2221967	2222839	1	1
2225933	2227096	1	-1
2227205	2228497	1	-1
2228710	2229708	1	-1
2229794	2230021	1	1
2230044	2231852	1	1
2232207	2233091	1	-1
2233091	2235217	1	-1
2235588	2236550	1	1
2236547	2237515	1	1
223695	224345	1	-1
2237515	2238279	1	1
2238342	2238815	1	-1
2239004	2240281	1	1
2240462	2241268	1	1
2241357	2242301	1	1
2242294	2243046	1	1
2243107	2244024	1	-1
224375	225544	1	-1
2244153	2244842	1	1
2244951	2246915	1	-1
2247016	2247564	1	-1
2247751	2249763	1	-1
2253034	2253318	1	-1
2253418	2254239	1	1
2254348	2254758	1	-1
225546	226574	1	-1
2256228	2257112	1	1
2257319	2258143	1	1
2258238	2259185	1	1
2259428	2259787	1	1
2259946	2261523	1	1
2261741	2263420	1	-1
2263631	2264068	1	-1
2264254	2264502	1	1
2264627	2264875	1	1
2265055	2265753	1	1
226571	227563	1	-1
2266464	2266793	1	-1
2267038	2269188	1	-1
2269905	2270249	1	-1
2270686	2271783	1	-1
22730	24187	1	1
2275172	2275771	1	-1
227568	229601	1	-1
2275786	2277048	1	-1
2278216	2279010	1	-1
2279137	2283102	1	-1
2283303	2284316	1	-1
2284313	2285446	1	-1
2288579	2289892	1	-1
2290266	2291018	1	-1
2291036	2291221	1	1
2291352	2293175	1	1
2293568	2294779	1	-1
2294909	2296927	1	1
2297116	2297640	1	-1
2297788	2298051	1	-1
2298861	2299484	1	1
2299544	2300629	1	-1
2300820	2301752	1	-1
2301815	2302345	1	1
2302426	2302890	1	-1
2303266	2306043	1	1
2306168	2306416	1	1
2306490	2308601	1	-1
230808	231239	1	-1
2308601	2309908	1	-1
2310653	2311228	1	1
2311221	2311949	1	1
231300	232112	1	-1
2313826	2315121	1	1
2315197	2315967	1	-1
2316141	2317355	1	-1
2317355	2317840	1	-1
2317837	2318391	1	-1
2318384	2320369	1	-1
2320366	2320851	1	-1
2320848	2321054	1	-1
2321066	2321809	1	-1
2321930	2322598	1	-1
2322600	2323217	1	-1
232283	233179	1	-1
2323460	2323957	1	-1
2323966	2324460	1	-1
2324496	2325482	1	-1
2325475	2326251	1	-1
2326260	2327372	1	-1
2327402	2329588	1	-1
2329598	2330338	1	-1
2330454	2330834	1	-1
2330869	2331603	1	-1
2331596	2332483	1	-1
2332498	2334018	1	-1
233333	234517	1	-1
2334048	2336147	1	-1
2336353	2337483	1	-1
2337493	2338275	1	-1
2338578	2339447	1	-1
2339434	2339859	1	-1
2339859	2340269	1	-1
2340328	2341374	1	-1
2341382	2341885	1	-1
2341965	2343890	1	-1
2344062	2344505	1	-1
2344511	2345830	1	-1
234517	235257	1	-1
2345834	2346634	1	-1
2346704	2347759	1	-1
2347752	2349494	1	-1
2349509	2349820	1	-1
2349966	2351375	1	-1
2351403	2352434	1	-1
235257	238055	1	-1
2352614	2354080	1	-1
2354368	2354778	1	-1
2354792	2355097	1	-1
2355101	2357107	1	-1
2357292	2357726	1	-1
2360615	2361748	1	-1
2362864	2363349	1	-1
2363570	2363926	1	1
2364325	2364612	1	-1
2364942	2365292	1	1
2365311	2366447	1	1
2366480	2367181	1	1
2367178	2367381	1	1
2367455	2368474	1	-1
2368535	2369419	1	-1
2370948	2372021	1	-1
2372022	2372258	1	-1
2374393	2374962	1	1
2375495	2376694	1	-1
2378498	2379124	1	-1
238042	238962	1	-1
2381247	2382092	1	-1
2382149	2382724	1	-1
2383081	2385525	1	1
2385710	2387473	1	1
2387565	2388815	1	-1
2388824	2389546	1	-1
2389606	2390070	1	1
238977	240056	1	-1
2390067	2390822	1	-1
2390860	2391618	1	1
2391871	2393451	1	1
2393448	2394134	1	1
2394131	2394976	1	-1
2395083	2395421	1	-1
2395597	2395908	1	-1
2395968	2397284	1	-1
2397361	2398320	1	-1
2398368	2401847	1	-1
240116	241021	1	-1
2401927	2402580	1	-1
2402589	2403728	1	-1
2403841	2404629	1	-1
2404631	2405083	1	-1
2406375	2406884	1	-1
2406898	2409312	1	-1
2409356	2410714	1	-1
241018	241926	1	-1
2411970	2412812	1	-1
2412825	2413580	1	-1
2413677	2414234	1	-1
2414330	2415061	1	-1
2415209	2416054	1	-1
2416186	2416914	1	-1
2418288	2420912	1	1
241964	242785	1	-1
24197	24724	1	1
2421054	2421437	1	1
2421521	2422297	1	-1
2422303	2422617	1	-1
2422697	2423734	1	1
2424007	2424513	1	-1
2425538	2425831	1	1
2425828	2426271	1	1
2426342	2427928	1	-1
2428158	2428283	1	-1
2428294	2428548	1	-1
242912	243457	1	-1
2431898	2433280	1	-1
2434341	2434820	1	-1
2434897	2436822	1	1
243539	244432	1	-1
2436849	2437913	1	-1
2438046	2438279	1	-1
2438396	2438629	1	-1
2438652	2439656	1	-1
2439800	2441023	1	-1
2441057	2441653	1	-1
2441661	2442293	1	-1
2442293	2443063	1	-1
2443053	2444297	1	-1
2444303	2445739	1	-1
244471	245871	1	-1
2446115	2446423	1	-1
2446691	2447845	1	1
2447888	2448457	1	1
2448457	2449002	1	1
2449071	2450423	1	1
2450497	2451156	1	-1
2451153	2451737	1	-1
2451781	2453139	1	-1
2454984	2455874	1	1
2455871	2456470	1	1
2456470	2457681	1	1
2457716	2458633	1	-1
2458934	2459362	1	-1
2459384	2460193	1	-1
245950	246735	1	-1
2460296	2461399	1	-1
2461637	2462101	1	-1
2462258	2463595	1	1
2463635	2465794	1	-1
2465794	2469477	1	-1
246835	248574	1	-1
2469784	2473275	1	-1
2475425	2476399	1	-1
2476428	2477414	1	1
2478168	2479922	1	1
2481496	2482551	1	-1
2482608	2483972	1	-1
2484722	2485573	1	1
2485633	2487150	1	1
2487330	2488124	1	1
2490002	2490949	1	1
2491006	2492190	1	-1
2492404	2492955	1	1
2492988	2493584	1	-1
2494045	2495043	1	1
2495577	2496680	1	1
2496687	2497604	1	-1
2497719	2498861	1	1
2499218	2500942	1	1
2500953	2502128	1	1
2502329	2503057	1	1
2503061	2504257	1	-1
2505078	2506019	1	1
2506156	2507172	1	-1
2507216	2508163	1	-1
2508166	2509134	1	-1
2509143	2510582	1	-1
2510595	2511818	1	-1
2511829	2512344	1	-1
2512341	2512811	1	-1
2512813	2514153	1	-1
2514414	2515886	1	-1
251460	252596	1	1
2515894	2516631	1	-1
2516647	2517954	1	-1
2519210	2519938	1	1
2520084	2521781	1	1
2522144	2523070	1	1
2523163	2525253	1	-1
2525459	2526838	1	-1
252671	253114	1	1
2526960	2529308	1	1
2529373	2530353	1	-1
2530445	2531050	1	1
2531134	2531853	1	-1
2531992	2533212	1	-1
253204	255369	1	1
2533296	2534624	1	-1
2534877	2535653	1	-1
2536204	2537487	1	-1
2537692	2538465	1	-1
2538788	2540377	1	-1
2540544	2540999	1	-1
2541692	2542195	1	-1
2542179	2542712	1	-1
2543059	2545098	1	1
2545217	2546230	1	1
2546239	2547129	1	1
2547184	2548530	1	-1
2548746	2549663	1	-1
2549862	2551997	1	-1
2552331	2552600	1	-1
2552749	2553693	1	-1
2553693	2554088	1	-1
2554203	2556917	1	-1
255559	256839	1	1
2556938	2558425	1	-1
2558462	2558917	1	-1
2559377	2559715	1	-1
2559942	2561282	1	-1
2561303	2562136	1	-1
2562189	2564177	1	-1
2564277	2564906	1	-1
2565418	2565891	1	-1
2567641	2569062	1	1
2569041	2569886	1	-1
2572942	2576058	1	-1
257343	258374	1	1
2576070	2577152	1	-1
2577359	2577700	1	-1
2581992	2585378	1	1
258364	259650	1	1
2586254	2587936	1	1
2588108	2589094	1	1
2589097	2590122	1	1
2590125	2591108	1	1
2591157	2592152	1	1
2592215	2593936	1	1
2593941	2594837	1	1
2594840	2596759	1	1
259631	260653	1	1
2596843	2599251	1	1
2599373	2600785	1	1
2600891	2601922	1	-1
2601922	2603499	1	-1
2603739	2604752	1	-1
2604907	2606136	1	-1
2606165	2606503	1	-1
260658	262019	1	1
2606693	2607061	1	-1
2607226	2608356	1	1
2608459	2609724	1	1
2609742	2610875	1	1
2610953	2613550	1	-1
2613818	2616136	1	-1
2616274	2618646	1	-1
2618639	2621140	1	-1
262059	263201	1	1
2621175	2621903	1	1
2622551	2623414	1	1
2623521	2624879	1	1
2624876	2625361	1	1
2625386	2626180	1	1
2627163	2627933	1	-1
2627943	2628854	1	-1
2629161	2630834	1	-1
2631868	2632398	1	-1
263198	264091	1	1
2632716	2633330	1	1
2633455	2634882	1	-1
2635149	2637038	1	-1
2637058	2639718	1	-1
2639768	2640535	1	-1
2640945	2641490	1	-1
264097	265245	1	1
2642737	2643195	1	1
2643196	2644881	1	1
2644912	2646135	1	1
2646203	2647072	1	1
2647073	2647687	1	1
2647714	2648454	1	1
2648528	2648722	1	1
2649047	2649400	1	-1
2649441	2650202	1	-1
2650230	2650778	1	-1
2650809	2651057	1	-1
2651266	2652648	1	-1
265256	266089	1	1
2653786	2655063	1	1
2655148	2655666	1	-1
2655736	2656341	1	-1
2656366	2657934	1	-1
2658091	2660934	1	-1
266070	266684	1	1
2660944	2661405	1	-1
2661399	2662349	1	-1
2662487	2663617	1	-1
2663627	2665414	1	-1
2665447	2665704	1	-1
266677	267303	1	1
2667854	2668051	1	-1
2668143	2669330	1	-1
2669527	2672109	1	-1
2672252	2672719	1	-1
2672834	2673880	1	-1
267355	268530	1	1
2674071	2674562	1	-1
2677283	2678269	1	-1
2678	3757	1	1
2678350	2679237	1	-1
2679287	2679913	1	-1
2679913	2680689	1	-1
2680689	2681732	1	-1
2681775	2682254	1	-1
2682268	2682975	1	-1
2682977	2683258	1	-1
2683717	2685018	1	-1
2685100	2686740	1	-1
2686955	2687746	1	-1
268739	270712	1	1
2688019	2690238	1	-1
2690359	2691678	1	-1
2691871	2694669	1	1
2694753	2695133	1	-1
2695146	2695877	1	-1
2695874	2696605	1	-1
2696711	2697673	1	-1
2697666	2698343	1	-1
2698492	2699391	1	-1
2699496	2701289	1	-1
2701450	2701920	1	-1
2701937	2702896	1	-1
2702893	2703531	1	-1
2703546	2704124	1	-1
2706350	2706685	1	-1
2706744	2707004	1	-1
2707190	2708158	1	1
2708151	2708624	1	1
270818	272167	1	-1
2709258	2709464	1	1
2709525	2710733	1	-1
2710776	2711954	1	-1
2711982	2712560	1	-1
2713315	2713908	1	1
2713967	2714623	1	1
2716196	2716888	1	-1
2717140	2718036	1	-1
2718169	2718798	1	1
2718914	2719780	1	-1
2720223	2721299	1	-1
2721454	2722614	1	-1
2722769	2723809	1	-1
2723951	2725945	1	-1
2727892	2728689	1	1
2728755	2729252	1	1
2729384	2730079	1	1
2730219	2730950	1	1
2730965	2731915	1	1
2732289	2732858	1	1
2732900	2733325	1	1
2733391	2734497	1	-1
2734528	2735568	1	-1
2735597	2736310	1	1
2736433	2737251	1	1
2737304	2737861	1	1
2737861	2738151	1	1
2738226	2738657	1	1
2739405	2740586	1	1
2740665	2741585	1	-1
2741674	2742702	1	-1
2742714	2743433	1	-1
2743637	2744713	1	1
274395	274742	1	1
2745098	2746240	1	1
2747401	2749026	1	1
2757044	2758297	1	-1
2758599	2759273	1	1
275900	276325	1	1
2759413	2760351	1	-1
2761359	2762024	1	-1
2762203	2763471	1	1
2763664	2764143	1	1
276400	276750	1	-1
2764176	2765246	1	-1
2765250	2766350	1	-1
276908	277522	1	-1
2771835	2772239	1	1
2772285	2772779	1	1
2772800	2773600	1	-1
2773747	2774163	1	-1
2774722	2775945	1	1
2776096	2777100	1	1
2777374	2778303	1	1
2779376	2780101	1	-1
2780231	2781496	1	-1
2781506	2781760	1	-1
2781764	2782084	1	-1
2782084	2782722	1	-1
2782725	2783213	1	-1
2783216	2784007	1	-1
2783997	2784800	1	-1
2785258	2786223	1	1
2786263	2787234	1	1
2787312	2787875	1	1
2787856	2788350	1	1
2788352	2789077	1	1
2789128	2790600	1	1
2790624	2790911	1	1
2790914	2791360	1	1
2791376	2792239	1	1
2792242	2792517	1	1
2794196	2795539	1	-1
2796244	2797206	1	-1
2797239	2797991	1	-1
2798387	2799652	1	1
2799741	2802650	1	-1
2803218	2804594	1	1
2804668	2806113	1	-1
2806125	2806946	1	-1
2806988	2810866	1	-1
2810878	2812347	1	-1
2812366	2812935	1	-1
2812940	2813428	1	-1
2813418	2814317	1	-1
2814467	2815510	1	-1
2819369	2819803	1	-1
2819793	2820530	1	-1
2820530	2821105	1	-1
2821102	2821590	1	-1
2821715	2821945	1	-1
2822785	2823240	1	-1
2823244	2824467	1	-1
2824476	2826200	1	-1
2827294	2828139	1	-1
2828184	2829863	1	-1
2829884	2830216	1	-1
2830209	2830859	1	-1
2830856	2832301	1	-1
2832313	2834322	1	-1
2834560	2835099	1	-1
2835377	2836021	1	1
2837222	2840044	1	1
283884	284891	1	-1
2841941	2843062	1	-1
2844984	2848664	1	-1
2848857	2850215	1	1
285227	287509	1	-1
2862926	2863705	1	-1
2863698	2865434	1	-1
2865434	2867305	1	-1
2867423	2867653	1	-1
2867804	2868463	1	-1
2868572	2868787	1	-1
2868951	2869931	1	-1
2871300	2872952	1	-1
2873259	2873678	1	1
2873736	2874821	1	-1
2874826	2876226	1	-1
2876547	2877311	1	1
2877399	2877851	1	-1
2877885	2878112	1	-1
2878129	2878419	1	-1
2878440	2878829	1	-1
2879061	2879732	1	-1
2879826	2880665	1	-1
2880735	2882228	1	-1
2882281	2883381	1	-1
2883413	2883931	1	-1
2885891	2886406	1	-1
2886396	2886989	1	-1
288735	289364	1	1
2887541	2888557	1	-1
2888701	2891268	1	1
2891332	2892240	1	-1
2892399	2893127	1	1
2893341	2895215	1	-1
289382	289984	1	1
2895462	2896676	1	-1
2896766	2897557	1	-1
2897579	2898583	1	-1
2898728	2899864	1	1
289981	290283	1	1
290299	291123	1	1
2903833	2904729	1	-1
2904994	2907402	1	-1
2907412	2908575	1	-1
2908802	2909122	1	1
2909235	2910506	1	-1
2910717	2911193	1	-1
291145	291423	1	1
2911810	2912994	1	-1
2913148	2915247	1	-1
291434	291766	1	1
2915323	2915793	1	-1
2915895	2916269	1	-1
2916449	2916724	1	-1
2916732	2917088	1	-1
2917085	2917480	1	-1
2917477	2918199	1	-1
291785	292483	1	1
2918346	2919128	1	-1
2919257	2920243	1	1
2920538	2921479	1	-1
2921596	2922159	1	-1
2922252	2922452	1	-1
2922486	2924282	1	-1
2924266	2924862	1	-1
292495	292905	1	1
2925038	2926957	1	1
2926954	2927442	1	1
2927611	2928618	1	1
2928706	2928918	1	1
292905	293096	1	1
2930899	2931690	1	-1
2932076	2933533	1	-1
2933562	2934581	1	-1
2934798	2936009	1	-1
2936371	2936958	1	-1
2937177	2938193	1	-1
2938308	2938994	1	-1
293899	294216	1	1
2939087	2939830	1	-1
2939930	2942449	1	-1
294241	294780	1	1
2942566	2942991	1	-1
2943102	2944286	1	1
2944357	2944992	1	-1
2945235	2946551	1	-1
2946714	2946899	1	1
2946975	2947955	1	-1
2947958	2949160	1	-1
294798	295103	1	1
2949206	2950495	1	-1
2950534	2950797	1	-1
2950991	2951923	1	-1
295133	295525	1	1
2951920	2953950	1	-1
2953968	2955680	1	-1
295539	296072	1	1
2955677	2956141	1	-1
2959640	2960185	1	-1
2960315	2961379	1	1
296082	296435	1	1
2962532	2963947	1	1
2964112	2964999	1	1
296450	296953	1	1
2965071	2966660	1	-1
2967158	2967592	1	1
2968480	2969517	1	1
2969590	2970411	1	1
296961	297137	1	1
2970459	2971589	1	1
297143	297577	1	1
2971656	2972612	1	-1
2972747	2973382	1	-1
2973404	2973778	1	-1
2973788	2974759	1	-1
297598	298932	1	1
2977013	2977759	1	1
2977756	2978139	1	1
2978151	2978528	1	1
2978629	2980032	1	-1
2980295	2980861	1	-1
2980894	2981916	1	1
2982022	2982516	1	1
2982592	2983155	1	-1
2983666	2984961	1	1
2985107	2985670	1	1
2986223	2986825	1	-1
2987099	2988745	1	-1
2988823	2989113	1	-1
298971	299084	1	1
2990804	2991766	1	-1
2992052	2992960	1	-1
299234	299590	1	1
2993083	2993595	1	-1
2993786	2994475	1	1
2994475	2995872	1	1
2996067	2996546	1	1
299609	299998	1	1
2996617	2997150	1	-1
300026	300646	1	1
3002643	3003272	1	1
3003276	3005018	1	-1
3005407	3005670	1	1
3005683	3007410	1	1
300671	301663	1	1
3008163	3009548	1	1
3009624	3013058	1	-1
3013179	3014369	1	-1
3014600	3016426	1	1
3016457	3017086	1	1
3017380	3019329	1	1
3020144	3020602	1	1
3022091	3022978	1	1
3025025	3025771	1	1
3025960	3026574	1	1
3026647	3027114	1	1
3027132	3027977	1	1
3027982	3030939	1	1
3031150	3031683	1	1
303712	304311	1	1
304401	304862	1	-1
3044813	3045211	1	-1
3045195	3045443	1	-1
3045477	3047069	1	1
3048647	3049345	1	-1
3049385	3049657	1	-1
3049911	3051038	1	1
305009	306388	1	1
3051112	3051699	1	-1
3051766	3052689	1	1
3052697	3053269	1	1
3053489	3054556	1	-1
3054808	3055602	1	-1
3056419	3060621	1	-1
3060709	3064737	1	-1
306443	307015	1	-1
3064989	3065357	1	-1
3065415	3065909	1	-1
3066202	3066903	1	-1
3066908	3067336	1	-1
3067502	3068050	1	-1
3068064	3068444	1	-1
3068713	3069897	1	-1
3070620	3071543	1	1
307133	309094	1	-1
3071553	3072518	1	-1
3072515	3073558	1	-1
3073629	3074066	1	1
3074162	3075502	1	1
3087829	3088644	1	-1
3088685	3089368	1	-1
3089434	3091269	1	-1
3091716	3092822	1	1
3092885	3093256	1	-1
3093256	3093897	1	-1
309358	310233	1	1
3094192	3095592	1	1
3095659	3097002	1	-1
3097058	3097852	1	-1
3098034	3098654	1	-1
3101501	3102355	1	-1
3102356	3102895	1	-1
310292	311200	1	1
3103522	3104364	1	-1
3104364	3104684	1	-1
3105177	3106034	1	-1
3106210	3107178	1	-1
3107168	3107842	1	-1
3107865	3109076	1	-1
3110273	3110497	1	-1
3110577	3111197	1	-1
3112159	3112527	1	-1
311219	312649	1	1
3112769	3113098	1	1
3113117	3114130	1	-1
3114365	3115582	1	-1
3115839	3116333	1	-1
3117398	3117733	1	-1
3117836	3119059	1	-1
3119087	3119704	1	-1
3119770	3120771	1	1
3121937	3122407	1	-1
3122455	3124005	1	1
3124005	3124601	1	1
3124694	3125410	1	-1
3125419	3126351	1	-1
3126317	3127042	1	-1
3127042	3127872	1	-1
3127883	3129136	1	-1
312892	314616	1	1
3129774	3132299	1	-1
3132647	3133585	1	1
3133588	3134316	1	1
3134334	3135545	1	1
3137480	3137968	1	1
3144411	3145124	1	-1
3145139	3145342	1	-1
3145405	3147258	1	-1
314641	315258	1	1
3147354	3148349	1	-1
3148458	3149717	1	-1
3149913	3150239	1	-1
3153370	3154038	1	-1
315349	316254	1	-1
3154280	3154585	1	-1
3154595	3156430	1	-1
3156604	3157518	1	1
3157592	3158389	1	1
3158481	3159140	1	1
3159250	3161016	1	1
3161697	3163871	1	-1
3164152	3164412	1	1
3164498	3165370	1	1
3165367	3166122	1	1
3166133	3166588	1	1
3166992	3168185	1	-1
316737	317234	1	-1
3168292	3169233	1	1
3171371	3172498	1	-1
317239	318498	1	-1
3172514	3173287	1	-1
3173287	3173550	1	-1
3173570	3174346	1	-1
3174336	3175661	1	-1
3175661	3177601	1	-1
3178030	3178416	1	-1
3178555	3179934	1	-1
318495	319223	1	-1
3186423	3186971	1	1
3186988	3187251	1	-1
3187255	3188088	1	-1
3188191	3189108	1	-1
3189157	3189714	1	-1
3191604	3192173	1	-1
3192256	3192735	1	-1
3192738	3193847	1	-1
319276	319950	1	-1
3193831	3194925	1	-1
3195617	3196564	1	1
3196647	3197930	1	1
3197994	3199370	1	1
3199380	3200825	1	1
3201478	3202131	1	-1
3202197	3203009	1	-1
3203585	3203851	1	1
3204131	3205552	1	1
320528	321079	1	-1
3205589	3206593	1	1
3207273	3208151	1	-1
3208391	3209347	1	1
3209379	3210902	1	-1
3213028	3213312	1	1
3213480	3215321	1	1
321646	322284	1	-1
3216919	3217821	1	-1
3219240	3219974	1	-1
3220132	3220875	1	1
32206	33492	1	-1
3220961	3222322	1	-1
3222472	3222894	1	-1
3222913	3224316	1	-1
322376	324175	1	1
3224352	3225218	1	-1
3225263	3226804	1	-1
3226818	3227351	1	-1
3227366	3227836	1	-1
3227908	3228162	1	-1
3228219	3229031	1	-1
3229040	3229429	1	-1
3229619	3230500	1	-1
3230525	3231298	1	-1
3231311	3231946	1	-1
3231946	3233841	1	-1
3234318	3234752	1	-1
3234848	3236209	1	-1
3236343	3237965	1	-1
3238192	3238548	1	-1
3238562	3238696	1	-1
3238938	3239675	1	-1
3239672	3240343	1	-1
3240456	3241202	1	-1
324172	328077	1	1
328105	328452	1	1
328599	329129	1	-1
331933	332568	1	1
332881	333873	1	1
333883	335475	1	1
33476	34150	1	-1
335469	336173	1	1
336730	339309	1	-1
343027	343218	1	1
34362	35180	1	-1
344902	345159	1	1
347653	348126	1	1
349512	349892	1	-1
349958	350767	1	-1
351752	353035	1	-1
356719	357501	1	-1
359722	360813	1	-1
360895	362442	1	-1
363043	363819	1	1
364005	364553	1	1
364557	365603	1	1
373898	374659	1	1
376765	377610	1	-1
3771	6188	1	1
377666	379042	1	-1
379044	379946	1	-1
380252	380782	1	-1
380841	381989	1	-1
382102	384051	1	-1
384630	386384	1	-1
389562	390335	1	1
390572	391279	1	1
393238	394368	1	1
396809	398566	1	-1
401059	401874	1	1
402763	403122	1	1
403119	403601	1	1
403617	404420	1	1
404476	405696	1	-1
405782	407482	1	1
40610	41716	1	-1
407482	408153	1	1
412876	413649	1	-1
413717	414973	1	1
415084	417927	1	1
421781	422239	1	1
422286	423092	1	1
423140	423724	1	1
423976	425856	1	1
425860	428145	1	1
428178	429242	1	-1
431636	432739	1	1
434372	434962	1	1
434962	436227	1	1
436224	436961	1	1
437711	438193	1	1
438253	438921	1	-1
438943	439533	1	-1
439537	439905	1	-1
439889	441703	1	-1
444445	444762	1	1
444759	446552	1	1
446614	448095	1	1
448092	449456	1	1
449456	450538	1	1
450577	451890	1	1
451912	453108	1	1
453095	454162	1	1
454186	455643	1	1
455796	456617	1	1
456610	457872	1	1
457903	459138	1	1
463939	464340	1	1
470343	471122	1	1
472049	472669	1	-1
472739	473563	1	-1
473563	474516	1	-1
475309	475737	1	-1
47613	49328	1	1
477292	481755	1	-1
488770	489729	1	1
490069	492420	1	1
492422	492871	1	1
494031	494438	1	1
49417	50970	1	1
494497	494979	1	1
494976	495446	1	-1
498542	499498	1	1
501600	502487	1	1
502765	503445	1	1
503557	504108	1	1
504339	504524	1	-1
507633	508856	1	-1
508964	509683	1	-1
51147	52124	1	1
512095	513012	1	1
513071	513859	1	1
513904	515643	1	1
516013	516903	1	1
520569	520820	1	1
520953	521987	1	-1
52127	53071	1	1
522139	522450	1	1
524290	526536	1	1
526546	527337	1	1
527377	528198	1	1
528208	529059	1	1
529121	530263	1	-1
530471	531619	1	-1
531999	532889	1	1
53219	54208	1	1
540591	541022	1	1
542079	542807	1	-1
542840	544510	1	-1
544683	546167	1	-1
546497	546838	1	1
546949	547278	1	1
547343	548269	1	-1
548286	549398	1	-1
549488	550471	1	1
550690	551763	1	1
551792	552919	1	1
552975	553976	1	-1
55505	57301	1	-1
556507	558444	1	1
558458	558757	1	1
558815	559363	1	-1
559373	560551	1	-1
561450	562931	1	-1
563940	564917	1	1
564919	565647	1	1
565797	568370	1	1
568477	569460	1	-1
569695	570477	1	-1
570502	571329	1	-1
571329	572330	1	-1
572882	574243	1	1
57298	57825	1	-1
57979	59355	1	1
580629	580961	1	1
580974	581810	1	1
582129	582437	1	1
585443	586132	1	1
586173	587471	1	1
587471	588436	1	1
588469	589974	1	-1
589958	592048	1	-1
592259	594466	1	1
594497	596170	1	1
596173	596991	1	1
597024	597722	1	1
597782	598558	1	-1
598628	599371	1	-1
600446	601351	1	1
601958	603586	1	1
60328	60852	1	1
603718	605028	1	1
605179	605637	1	-1
605894	607102	1	1
607335	608387	1	1
608534	609667	1	1
609833	610162	1	1
610217	612040	1	1
614231	614950	1	1
615076	615582	1	1
615611	616825	1	1
616862	617245	1	1
617317	617643	1	1
617699	618214	1	1
620103	620441	1	1
620485	620679	1	1
620852	622150	1	1
622239	622664	1	1
622884	624011	1	1
625485	626603	1	1
626630	627898	1	1
628023	628637	1	1
628650	629810	1	1
631558	632439	1	1
632734	632958	1	1
636102	637655	1	1
637768	638787	1	-1
638788	641643	1	-1
641871	642464	1	1
642637	643617	1	1
643958	645271	1	1
645314	646510	1	1
646557	647462	1	1
647549	649102	1	-1
649396	650652	1	-1
650761	651678	1	1
651813	653081	1	1
653291	654622	1	1
654613	655455	1	1
655516	656883	1	-1
657052	657663	1	-1
657821	659359	1	-1
659468	660358	1	-1
660580	661380	1	-1
661458	662717	1	-1
662729	664174	1	-1
664487	664810	1	-1
664823	666544	1	-1
667886	669712	1	-1
669891	672344	1	-1
672344	672964	1	-1
674297	674950	1	1
675607	676092	1	-1
676211	676654	1	1
676644	676997	1	1
677060	677419	1	-1
677665	679329	1	-1
680656	681252	1	1
681664	682938	1	1
686617	687051	1	-1
687155	687664	1	1
687645	688262	1	1
688259	689572	1	1
69123	69548	1	-1
691998	692531	1	1
693231	694874	1	-1
69776	70303	1	1
699305	700621	1	-1
700618	702078	1	-1
702967	703407	1	-1
703626	704693	1	-1
70395	70718	1	1
70875	72068	1	1
710234	711481	1	1
711593	711982	1	1
712102	713241	1	1
7124	8377	1	-1
713259	714509	1	1
714626	715075	1	1
715082	716200	1	1
716218	716871	1	1
717007	718116	1	1
718285	718755	1	1
718755	719222	1	1
719301	720266	1	1
720307	720813	1	1
720889	722754	1	-1
72156	72854	1	-1
722775	723659	1	-1
724959	725906	1	1
728524	729444	1	1
72868	76392	1	-1
729425	730048	1	1
730038	730436	1	1
730433	731524	1	1
731593	732375	1	-1
732434	733810	1	-1
734016	735581	1	-1
735679	737961	1	-1
738070	738915	1	-1
739023	739568	1	1
739571	740347	1	1
740451	741260	1	-1
741294	741971	1	-1
741961	742995	1	-1
743991	744944	1	1
745136	746560	1	1
746723	748408	1	1
748481	749125	1	-1
754424	755230	1	-1
755233	756354	1	-1
756354	758279	1	-1
758309	758779	1	-1
758784	759101	1	-1
759189	760208	1	-1
763645	764115	1	1
764157	765674	1	-1
765709	766608	1	-1
76660	76860	1	1
766713	767177	1	-1
767180	768277	1	-1
76850	77290	1	1
770050	771285	1	1
77303	78193	1	1
777122	777994	1	-1
778764	780020	1	1
780050	781138	1	1
781142	782002	1	1
78197	79621	1	1
782039	782422	1	1
782428	783237	1	1
784374	786056	1	1
786165	786638	1	1
786712	787788	1	-1
787889	788470	1	-1
789369	790250	1	-1
790836	791528	1	1
791601	792050	1	-1
792072	794795	1	-1
79630	80187	1	1
797074	798024	1	1
798149	798655	1	-1
799055	800188	1	-1
800358	800996	1	1
801006	801437	1	1
801549	801974	1	-1
80191	81318	1	1
802001	802318	1	-1
804202	805029	1	1
805291	805686	1	1
805692	806105	1	1
806123	806830	1	1
806862	808193	1	1
808496	809245	1	1
809264	810052	1	1
810083	810859	1	1
810902	811993	1	1
812011	812955	1	1
813109	815049	1	1
81323	82624	1	1
815063	816256	1	1
816651	817805	1	1
818921	820645	1	-1
821342	822310	1	-1
822475	823224	1	-1
82621	83520	1	1
827022	828419	1	1
828518	828880	1	1
829738	830199	1	-1
830209	831126	1	-1
831283	832137	1	-1
832626	833453	1	-1
833493	834410	1	-1
834688	835422	1	1
83524	84444	1	1
835419	836210	1	1
836200	836550	1	1
836547	836948	1	1
837096	837305	1	1
837364	837909	1	1
837971	838249	1	-1
838298	839053	1	-1
839096	839611	1	-1
839624	840499	1	-1
840773	842677	1	1
842995	843639	1	1
843803	844765	1	1
84441	85211	1	1
846549	847049	1	1
850763	851977	1	-1
85208	85684	1	1
853609	855180	1	1
85687	86190	1	1
857849	858352	1	1
860241	860783	1	1
8604	10688	1	-1
860873	862519	1	1
86190	87593	1	1
862627	863379	1	-1
863529	864287	1	1
866047	866439	1	1
866433	866777	1	1
866778	868544	1	1
868559	869269	1	1
869439	872264	1	1
872293	873498	1	1
873693	874859	1	1
874859	875731	1	1
875860	876645	1	-1
87616	88146	1	1
876638	877423	1	-1
877502	878383	1	1
878585	881953	1	1
88252	88653	1	1
882829	883056	1	1
883056	885332	1	1
885329	885559	1	1
885627	886055	1	-1
88650	90248	1	1
888169	888762	1	1
888881	889252	1	-1
889257	890879	1	-1
892137	894047	1	1
894105	894806	1	1
894856	895161	1	1
895209	895766	1	1
895773	896627	1	1
896733	898424	1	1
898456	899622	1	1
899750	900013	1	-1
900016	900828	1	-1
901706	901990	1	1
902035	903006	1	1
90245	91891	1	1
903081	904028	1	1
904269	905468	1	1
907636	908733	1	1
909008	910222	1	1
910219	911838	1	1
911890	912768	1	1
912802	916749	1	1
916742	917686	1	1
917701	918429	1	-1
920575	921888	1	-1
922083	923312	1	1
92212	92913	1	1
923557	924219	1	1
924216	925583	1	1
925854	928847	1	1
929007	930476	1	1
92976	95429	1	-1
930617	931342	1	1
931332	932774	1	1
932936	934183	1	1
934266	935189	1	1
935186	936043	1	1
936049	937164	1	1
937464	938462	1	1
938532	939221	1	1
939225	940586	1	1
940884	942221	1	-1
942224	944032	1	-1
944073	944264	1	1
945967	946593	1	1
946664	947944	1	1
948075	950426	1	1
950618	950890	1	1
953132	953425	1	1
953508	954059	1	-1
954063	954686	1	1
954683	956005	1	-1
95583	96491	1	-1
956029	956613	1	-1
958202	959443	1	1
959440	961158	1	1
961145	961939	1	1
961966	962832	1	1
962959	963948	1	1
963933	965366	1	1
965487	965666	1	1
96661	98193	1	1
966757	968631	1	-1
968645	969235	1	-1
971922	973016	1	1
973016	976129	1	1
976370	976687	1	1
976767	977861	1	-1
977995	978468	1	1
980104	980406	1	-1
980654	981397	1	1
981761	982384	1	1
982384	984264	1	1
984267	985334	1	1
985331	985636	1	-1
985738	986364	1	1
987033	987275	1	1
987286	987708	1	1
987829	988524	1	1
988664	989875	1	1
989878	991974	1	1
99062	99697	1	1
991988	993025	1	1
993033	993662	1	1
994206	997808	1	1
99694	101328	1	1
998211	998777	1	-1
999135	999350	1	-1
999424	999975	1	-1
1000964	1002379	2	-1
1002917	1003438	2	1
1003471	1004844	2	-1
1004865	1005608	2	-1
1005747	1006439	2	-1
1006449	1007132	2	-1
1007479	1008408	2	1
1008401	1008784	2	1
1009372	1009761	2	-1
1009903	1010658	2	-1
101	1291	2	-1
1010886	1011941	2	1
1012037	1012324	2	-1
1012672	1013529	2	1
1013945	1016125	2	1
101439	101795	2	1
1016136	1017773	2	1
1017773	1017976	2	1
1017989	1018876	2	1
101879	103735	2	-1
1018898	1019584	2	1
1019577	1020725	2	1
1020935	1021600	2	1
1021693	1022457	2	-1
1022664	1023116	2	1
1023182	1023400	2	-1
1023555	1024709	2	-1
1024953	1026248	2	1
1026331	1026819	2	-1
1027182	1028162	2	1
1028239	1029111	2	-1
1029274	1029915	2	-1
1030143	1030865	2	1
1031138	1032406	2	1
1032827	1034131	2	1
1034226	1034603	2	-1
1034766	1035890	2	-1
1035900	1036367	2	-1
1036367	1037104	2	-1
103735	104325	2	-1
1037381	1039441	2	-1
1039603	1040280	2	-1
1040427	1042631	2	-1
1042913	1045093	2	-1
1045210	1047663	2	-1
104578	105945	2	-1
1048233	1050941	2	1
1051536	1052417	2	1
1052563	1052988	2	1
1052998	1053615	2	1
1053813	1054115	2	1
1054396	1055472	2	1
1055829	1057049	2	1
1057120	1057989	2	-1
1059959	1063939	2	1
106304	107428	2	-1
1064117	1065712	2	-1
1065802	1066308	2	-1
1066607	1067416	2	-1
1067518	1068795	2	-1
1069252	1071234	2	1
1071338	1072324	2	-1
1072712	1074151	2	1
1074409	1075053	2	1
1075050	1076261	2	1
1076333	1078363	2	-1
107700	108248	2	1
1078501	1079439	2	-1
1079636	1080556	2	1
1081595	1082545	2	1
1082557	1083318	2	1
1083441	1084052	2	1
1084120	1085658	2	-1
108422	110512	2	1
1085665	1086678	2	-1
1087539	1088999	2	1
1089067	1090281	2	1
1090530	1090877	2	1
1090928	1091680	2	-1
1091702	1092034	2	-1
1092278	1092703	2	-1
1092872	1093735	2	-1
1093854	1094168	2	1
1094256	1095089	2	-1
1095208	1095855	2	1
1095927	1097423	2	-1
1097449	1098789	2	-1
1098873	1099787	2	1
1100051	1101250	2	1
1101376	1102263	2	-1
1102401	1102787	2	1
1102837	1104288	2	1
1104499	1105422	2	-1
1106151	1107551	2	-1
110727	111671	2	-1
1108977	1109396	2	-1
1109432	1110571	2	-1
1110823	1111656	2	1
1111814	1112272	2	1
1113050	1114594	2	1
1114606	1114827	2	1
1114837	1115247	2	1
1115328	1115612	2	1
1116003	1117625	2	-1
1117698	1119269	2	-1
11194	12627	2	-1
1120180	1122441	2	-1
112141	115821	2	1
1122642	1123739	2	1
1123798	1126551	2	-1
1126733	1128751	2	-1
1128859	1131045	2	-1
1131112	1132281	2	-1
1132538	1133587	2	-1
1133605	1134621	2	-1
1134625	1136250	2	-1
1137089	1139797	2	1
1139901	1141064	2	-1
1141074	1143077	2	-1
1143191	1144864	2	-1
1144875	1146050	2	-1
1146067	1147062	2	-1
1147176	1149095	2	-1
1149163	1150884	2	-1
1151233	1152435	2	-1
1152571	1154067	2	1
1154064	1155530	2	1
1155733	1156656	2	-1
1156742	1158853	2	-1
115826	116959	2	1
1159082	1160056	2	-1
1160813	1161802	2	-1
1161820	1163337	2	-1
1163397	1164395	2	-1
1164777	1166480	2	1
1166473	1167207	2	1
1167244	1168773	2	1
1169210	1170046	2	1
116963	117574	2	1
1170110	1171189	2	-1
1171246	1172184	2	-1
1172195	1173589	2	-1
1173879	1174124	2	1
1174285	1175265	2	-1
1175265	1176116	2	-1
117571	118938	2	1
1176146	1177177	2	-1
1177393	1178808	2	-1
1178988	1180463	2	1
1180657	1181382	2	1
1181402	1182178	2	1
1182414	1183109	2	1
1183106	1185595	2	1
1185595	1186704	2	1
1186870	1187769	2	1
1187825	1188247	2	-1
1188383	1188841	2	1
1189121	1189678	2	1
1189838	1191406	2	1
119119	120006	2	1
1191721	1193292	2	1
1193455	1194456	2	-1
1195485	1196192	2	1
1196263	1196739	2	-1
1197264	1197512	2	-1
1198087	1199580	2	-1
1199717	1200424	2	-1
120003	120611	2	-1
1200436	1203582	2	-1
1203969	1204781	2	-1
1205544	1206263	2	1
1206331	1206966	2	-1
1207161	1209095	2	1
1209088	1210314	2	1
120965	121345	2	1
1210484	1211875	2	1
1212001	1212684	2	1
1212690	1214603	2	1
121400	123028	2	-1
1214618	1216732	2	1
1217184	1217774	2	1
1217888	1219513	2	-1
1219647	1220357	2	1
1220601	1222277	2	-1
1224675	1225649	2	-1
1225657	1226874	2	-1
1228115	1230085	2	1
1230376	1230843	2	-1
1230843	1231775	2	-1
123091	123471	2	-1
1231778	1232626	2	-1
1232989	1233186	2	1
1233579	1233788	2	1
1233927	1234643	2	1
1234863	1235531	2	1
1235541	1236239	2	1
1236227	1237495	2	1
1237488	1238261	2	1
1238281	1239588	2	1
123861	124583	2	1
1239589	1240611	2	1
1240634	1241425	2	1
1241538	1242032	2	-1
1242093	1242479	2	-1
1242987	1244174	2	1
1244257	1245087	2	-1
1245087	1245944	2	-1
1245941	1246312	2	-1
124647	125033	2	1
1246506	1247372	2	1
1247445	1248245	2	-1
1248626	1248877	2	1
1249031	1249384	2	-1
1249533	1250426	2	1
1250504	1251199	2	-1
125086	125991	2	-1
1251280	1251723	2	-1
1252473	1253840	2	1
1253837	1254319	2	1
1254439	1255047	2	-1
1255384	1255779	2	1
1255782	1257212	2	-1
1257625	1258650	2	-1
1258901	1259491	2	1
1259622	1260479	2	1
1260582	1263131	2	-1
126186	126641	2	1
1263649	1263933	2	1
1264336	1265493	2	-1
126651	127199	2	1
1267432	1272858	2	-1
127264	128667	2	-1
1273236	1274915	2	-1
1275065	1275868	2	1
1275953	1277050	2	-1
1277050	1277514	2	-1
1277916	1278755	2	-1
1278845	1279993	2	-1
1280265	1281014	2	-1
1281027	1281629	2	-1
1281807	1282676	2	1
1282807	1283589	2	-1
12830	14323	2	-1
1283844	1284605	2	1
1284627	1285184	2	1
1285244	1285879	2	1
1285956	1286885	2	1
1286897	1287520	2	1
1287624	1288397	2	-1
1288592	1289176	2	-1
1289303	1289743	2	1
128942	130516	2	1
1289774	1290391	2	-1
1290441	1290752	2	-1
1291114	1291755	2	1
1291909	1292154	2	-1
1292345	1293478	2	1
1293572	1294087	2	-1
1294128	1294553	2	-1
1294680	1295009	2	-1
1295035	1295571	2	-1
1295640	1297487	2	-1
1298643	1299785	2	1
1299948	1301297	2	1
1301314	1302444	2	1
1302521	1302991	2	-1
1303027	1303542	2	-1
1303818	1304906	2	1
1304929	1307376	2	1
130513	131205	2	1
1307447	1308145	2	-1
1308311	1308925	2	-1
1308985	1309782	2	-1
1309795	1310463	2	-1
1310482	1311432	2	-1
1311470	1312270	2	-1
1312263	1313021	2	-1
131275	131754	2	-1
1313011	1313868	2	-1
1314370	1315755	2	1
1315755	1317098	2	1
1317195	1317794	2	-1
1317943	1318467	2	1
131907	133454	2	1
1324876	1325649	2	1
1325740	1326771	2	1
1326950	1327306	2	-1
1327390	1328385	2	-1
1328606	1329088	2	1
1329122	1329928	2	-1
1330147	1331100	2	1
1331256	1331921	2	1
1331921	1333294	2	1
1333503	1335584	2	1
1335658	1336425	2	1
133642	135813	2	1
1336426	1337793	2	1
1337793	1338347	2	1
1338344	1338748	2	1
1338748	1339368	2	1
1339365	1340537	2	1
1341071	1342054	2	1
1342214	1344379	2	-1
1344611	1345816	2	-1
1346058	1346984	2	-1
1346986	1348896	2	-1
1349409	1350176	2	1
1350217	1350645	2	-1
1350712	1351617	2	-1
1353118	1353456	2	-1
1353757	1355793	2	1
1355865	1357109	2	-1
1357193	1358503	2	-1
1358559	1358705	2	1
1359212	1360456	2	1
136012	136287	2	1
1360483	1361094	2	-1
1361773	1362981	2	1
1363031	1364125	2	-1
136402	136827	2	1
1364198	1364794	2	-1
1364888	1366312	2	1
1366657	1368213	2	-1
1368388	1368966	2	1
136871	137260	2	1
1369072	1370085	2	-1
1370267	1371811	2	1
1371811	1372518	2	1
1372692	1373831	2	-1
137373	137624	2	1
1374012	1374410	2	1
1374525	1375079	2	1
1375221	1375580	2	1
1375909	1376313	2	-1
1376476	1377660	2	1
137722	139107	2	-1
1377703	1378572	2	1
1378569	1381052	2	1
1381052	1382329	2	1
1382390	1383091	2	-1
1383266	1384171	2	-1
1384303	1384977	2	1
1385016	1385555	2	1
1386379	1387551	2	1
1387553	1389502	2	1
1389504	1390892	2	1
139094	139636	2	-1
1390956	1392209	2	-1
1392682	1394715	2	1
1394725	1395072	2	1
1395137	1395952	2	-1
1396029	1397408	2	-1
139690	140763	2	-1
1397420	1398544	2	-1
1398816	1399823	2	1
1399937	1400347	2	1
1400450	1401568	2	1
1401576	1403300	2	1
1403310	1404014	2	1
1404082	1404984	2	1
1405179	1406579	2	1
1406693	1407817	2	1
1408263	1409228	2	1
1409380	1410249	2	1
140974	142359	2	1
1410373	1411743	2	-1
1411824	1412744	2	1
1412719	1413390	2	-1
1413604	1413864	2	-1
1414111	1414629	2	1
1415190	1417877	2	-1
1418244	1420052	2	1
1420263	1421282	2	1
1421472	1421735	2	1
1421928	1422329	2	1
142356	142985	2	1
1424254	1424709	2	1
1424847	1425197	2	-1
1425456	1425746	2	1
1425779	1427377	2	1
1427467	1428075	2	-1
1428179	1429042	2	1
1429131	1429493	2	1
1429566	1430510	2	-1
142985	143923	2	1
1430707	1432119	2	1
1432112	1432990	2	1
1433002	1434405	2	1
1434507	1434983	2	-1
1435089	1435445	2	-1
1435470	1436123	2	-1
1436156	1436881	2	-1
1437181	1438491	2	1
1438683	1439042	2	1
14390	15079	2	-1
1439267	1439785	2	1
1439857	1440729	2	-1
144019	145584	2	1
1440850	1441734	2	1
1441861	1442391	2	-1
1442786	1443076	2	1
1443073	1443573	2	1
1443575	1443784	2	1
1446919	1448307	2	1
1449696	1450127	2	1
1450136	1450531	2	-1
1450545	1451390	2	-1
1451624	1452094	2	1
1452143	1453660	2	-1
1454367	1455524	2	1
1455537	1458695	2	1
145625	146359	2	1
1458997	1459263	2	1
1459923	1460582	2	-1
1460584	1461603	2	-1
1461600	1462388	2	-1
1462388	1463194	2	-1
1463281	1464087	2	-1
1464130	1465209	2	-1
1465422	1466162	2	1
1466217	1467791	2	-1
146723	147538	2	1
1468462	1469952	2	-1
1469949	1473011	2	-1
1473022	1474104	2	-1
1474209	1475090	2	-1
1475299	1476333	2	1
1476429	1477682	2	-1
1477764	1478570	2	-1
1478694	1479473	2	-1
147911	148702	2	1
1479665	1482034	2	-1
1482375	1483208	2	1
1483342	1484598	2	-1
1484704	1485570	2	1
1485659	1487029	2	-1
1487143	1488762	2	-1
148715	149383	2	1
1488995	1491313	2	1
1491323	1491961	2	1
1492114	1493313	2	-1
1493464	1494345	2	1
149396	150046	2	1
1494389	1494883	2	-1
1495006	1495923	2	1
1495920	1496513	2	1
1496943	1499195	2	-1
1499486	1499698	2	-1
150033	150761	2	1
1500610	1500813	2	1
1500959	1501873	2	-1
1502026	1503114	2	1
1503129	1503902	2	1
1504063	1504467	2	1
1504586	1505989	2	-1
1506286	1507515	2	-1
1507642	1507965	2	-1
1507962	1508453	2	-1
15082	18228	2	-1
1508450	1509361	2	-1
1509345	1511741	2	-1
1511734	1513146	2	-1
1513698	1514339	2	1
1514462	1515034	2	-1
151466	153058	2	1
1515280	1515579	2	1
1515671	1516021	2	-1
1516406	1517065	2	-1
1518240	1519733	2	1
1519748	1521760	2	1
1521844	1522365	2	-1
1522523	1523929	2	-1
1523964	1525484	2	-1
1525637	1526116	2	-1
1526169	1527176	2	-1
1527224	1528411	2	-1
1528871	1529875	2	-1
1530075	1530932	2	1
153058	153996	2	1
1531158	1532594	2	-1
1532607	1534496	2	-1
1534905	1536347	2	1
1536404	1537420	2	-1
1537549	1538310	2	1
1538352	1538864	2	1
1538869	1539927	2	1
153993	154802	2	1
1539995	1540906	2	-1
1541131	1544010	2	1
1544096	1545631	2	-1
1545859	1546287	2	1
1546336	1547046	2	-1
1547209	1548237	2	-1
154777	156162	2	1
1548884	1549921	2	-1
1550129	1550368	2	1
1550413	1551069	2	-1
1551376	1552095	2	1
1552342	1553199	2	1
1554012	1555340	2	1
1555395	1555868	2	-1
1556043	1557056	2	-1
1557426	1557566	2	-1
1557617	1557826	2	-1
1558066	1558275	2	-1
1558719	1559567	2	1
1559716	1560564	2	-1
1560735	1561652	2	1
1561656	1562072	2	1
156233	158734	2	-1
1562583	1563014	2	-1
1563258	1564190	2	-1
1564342	1566000	2	-1
1566022	1566378	2	-1
1566599	1566904	2	-1
1567044	1567472	2	1
1567547	1568146	2	1
1568204	1568650	2	-1
1568661	1569206	2	-1
1570332	1570949	2	-1
1573057	1573803	2	-1
1573804	1574442	2	-1
1574885	1576231	2	-1
1576363	1577685	2	-1
1577850	1578521	2	-1
1578632	1580062	2	1
1580067	1581329	2	-1
1581509	1581964	2	1
1582006	1582920	2	1
1583015	1583629	2	1
1583750	1583971	2	-1
1584233	1585666	2	-1
1586479	1587462	2	1
1587717	1589054	2	-1
1589186	1589500	2	-1
1589877	1590095	2	1
1590253	1590897	2	1
159080	160834	2	1
1590897	1591211	2	1
1592358	1592603	2	1
1592603	1595176	2	1
1595351	1595806	2	1
1595840	1596898	2	1
1596911	1597948	2	1
1597977	1598636	2	-1
1598869	1599795	2	-1
1599945	1600400	2	1
1600839	1601186	2	-1
1601510	1602178	2	1
1602313	1602792	2	1
1602962	1604800	2	1
1604803	1605705	2	1
1605854	1606405	2	-1
1607199	1607939	2	1
1607957	1609165	2	1
1609211	1609558	2	1
1609625	1611394	2	1
161072	161335	2	1
1611589	1611723	2	-1
1611736	1612314	2	-1
1612343	1612798	2	-1
1612878	1615367	2	-1
161500	162933	2	1
1615364	1615672	2	-1
1615710	1616195	2	-1
1616457	1618193	2	1
1619292	1620155	2	1
1620259	1621491	2	1
1621571	1622035	2	-1
1622421	1623548	2	1
1623557	1626709	2	1
1626800	1628569	2	-1
1628655	1629068	2	-1
1629145	1629747	2	1
162979	163653	2	1
1629854	1630837	2	-1
1631298	1632350	2	1
1632673	1634241	2	1
1634329	1636320	2	-1
1636403	1637353	2	-1
1637819	1638820	2	1
163828	164388	2	1
1639534	1640463	2	1
1640572	1642467	2	1
1642572	1643402	2	-1
1643446	1643742	2	-1
1643894	1644643	2	-1
164454	164888	2	-1
1644653	1645888	2	-1
1646167	1646820	2	1
1646862	1647827	2	-1
1648154	1649557	2	-1
1650061	1650642	2	1
1650629	1651054	2	-1
1651150	1652058	2	1
165130	166125	2	1
1652099	1653679	2	1
1654092	1655135	2	1
1655259	1655474	2	-1
1655616	1656548	2	-1
1656701	1657618	2	1
1657767	1658054	2	1
1658130	1658768	2	1
1658913	1659743	2	1
1659872	1661005	2	1
1661318	1662445	2	1
1662711	1663625	2	1
166363	167496	2	1
1663696	1664640	2	1
1664747	1665364	2	1
1665382	1666281	2	1
1666340	1667224	2	-1
1667252	1668040	2	-1
1668054	1669256	2	-1
1669265	1670041	2	-1
1670041	1670856	2	-1
1671160	1672062	2	-1
1672191	1673309	2	1
1673328	1673618	2	1
1673679	1674620	2	1
1674721	1676097	2	1
167506	170562	2	1
1676094	1676585	2	1
1676606	1677637	2	1
1677634	1678413	2	1
1678528	1679850	2	1
1680061	1680984	2	-1
1681066	1682295	2	1
1682338	1683750	2	1
1684525	1684977	2	-1
1685133	1686179	2	1
1686509	1687963	2	1
1688498	1689472	2	1
1689445	1690110	2	1
1690148	1691026	2	-1
1691541	1692455	2	-1
1692552	1693481	2	1
1693587	1694822	2	-1
1694920	1695876	2	-1
1696307	1697248	2	1
1697262	1699166	2	1
1699231	1700118	2	-1
1700295	1700615	2	-1
1700898	1703240	2	-1
1703427	1704458	2	-1
1704485	1705432	2	-1
1705456	1706418	2	-1
1706486	1707703	2	-1
1708115	1709116	2	1
170881	171459	2	1
1709174	1709665	2	1
1709675	1710940	2	1
1710953	1711879	2	1
1711966	1713789	2	1
1713896	1714339	2	-1
1714355	1715191	2	-1
171500	172195	2	1
1715448	1716551	2	1
1716563	1717240	2	1
1717233	1718291	2	1
1718308	1719186	2	1
1719188	1719541	2	1
1719544	1720383	2	1
1720610	1721566	2	-1
1721700	1723793	2	-1
172198	172764	2	1
1723955	1724851	2	1
1725147	1726676	2	-1
1727036	1728151	2	-1
1728497	1729717	2	-1
172851	173243	2	-1
1729853	1730752	2	1
1730765	1731682	2	-1
1731755	1733041	2	-1
1733041	1733631	2	-1
1733668	1734693	2	-1
173387	174238	2	1
1735090	1735656	2	1
1735937	1737589	2	1
1738996	1739682	2	1
1739675	1741000	2	1
1741013	1753807	2	1
174367	175281	2	-1
1753912	1755207	2	-1
175394	175879	2	1
1755209	1755733	2	-1
1755743	1756777	2	-1
1757051	1759102	2	1
175883	177181	2	1
1759295	1760224	2	1
1760265	1760552	2	1
1760563	1761321	2	1
1761331	1761837	2	1
1761852	1762907	2	1
1762916	1763704	2	1
1763708	1764496	2	1
1764500	1766008	2	1
1766005	1766484	2	1
1766485	1767687	2	1
1767759	1769060	2	1
1769201	1770124	2	1
1770151	1770744	2	1
1771219	1771605	2	1
1771617	1772381	2	1
177194	178219	2	1
1772684	1772968	2	1
1772961	1773467	2	1
1773736	1774212	2	1
1774393	1775022	2	1
1775093	1775845	2	1
1776224	1776730	2	1
1776743	1777021	2	1
1777024	1777899	2	-1
1778048	1778992	2	1
1779024	1780409	2	-1
1780824	1781663	2	1
1781671	1782444	2	-1
1782725	1783624	2	1
178279	179376	2	1
1783649	1784905	2	1
1784917	1785564	2	1
1785564	1786340	2	1
1786498	1787952	2	1
1788130	1790220	2	1
1790298	1790480	2	-1
1790862	1791245	2	-1
1791336	1791659	2	-1
1791914	1793002	2	-1
1793067	1793870	2	1
1794441	1795046	2	-1
179474	179659	2	1
1795204	1795962	2	-1
1796061	1796939	2	-1
179671	181131	2	1
1797196	1798308	2	1
1798535	1799443	2	1
1799632	1800003	2	1
1800201	1803410	2	1
1803484	1804410	2	-1
1804407	1805159	2	-1
1805319	1806956	2	1
1807198	1807998	2	1
1807998	1809950	2	1
1809950	1810843	2	1
1810855	1811922	2	1
181103	181456	2	1
1812233	1813477	2	1
1813557	1814378	2	1
1814388	1815590	2	1
181514	181894	2	-1
1815691	1816293	2	1
1816406	1817185	2	-1
1817792	1818451	2	-1
1818457	1819770	2	-1
1820081	1820941	2	1
182155	182676	2	1
1822163	1823146	2	-1
1823352	1824134	2	1
1824197	1824913	2	1
1824924	1825643	2	1
182736	183731	2	-1
1828280	1828987	2	1
1829166	1830194	2	-1
1830223	1831200	2	-1
1831600	1832022	2	1
1832038	1833939	2	1
1834048	1834950	2	-1
1834931	1836991	2	-1
1836984	1837766	2	-1
1837874	1839481	2	-1
183881	184198	2	-1
1839586	1840755	2	-1
1840801	1841187	2	-1
1841397	1842575	2	1
18416	19222	2	-1
1842646	1844139	2	1
184277	185281	2	-1
1844224	1845378	2	1
1845427	1846203	2	1
1846213	1847361	2	1
1847408	1848304	2	1
1848314	1849072	2	1
1849698	1850297	2	1
1850316	1851776	2	1
1851796	1853496	2	1
185297	185812	2	-1
1853543	1854481	2	1
1854574	1855416	2	1
1855419	1856603	2	1
1856703	1857485	2	-1
1857495	1858874	2	-1
1859061	1861784	2	-1
186173	187834	2	1
1862278	1862745	2	1
1862925	1863935	2	1
1863961	1864803	2	1
1864980	1865624	2	-1
1865734	1867488	2	-1
1867662	1869131	2	-1
1869221	1869547	2	-1
1869583	1872123	2	-1
1872167	1872979	2	-1
1873366	1875855	2	1
1876092	1876973	2	1
1877029	1878495	2	1
187844	189298	2	1
1878583	1880154	2	1
1880280	1880498	2	1
1880512	1881201	2	1
1881194	1881493	2	1
1881643	1883061	2	1
1883063	1884433	2	1
1884430	1884909	2	1
1884932	1885222	2	1
1885477	1886367	2	1
1886357	1887589	2	1
1887600	1888742	2	1
1888769	1889062	2	1
1889067	1889519	2	1
1889530	1890366	2	1
1890371	1891120	2	1
1891144	1891812	2	1
1891823	1892956	2	1
1895124	1897694	2	1
1897901	1898809	2	-1
189816	190718	2	1
1898905	1899825	2	1
1899924	1900406	2	-1
1900441	1901877	2	-1
1901870	1902418	2	-1
1902472	1903488	2	-1
1903772	1904413	2	1
1904690	1905901	2	1
1906043	1906450	2	-1
1906721	1906933	2	-1
1907248	1907772	2	-1
1908010	1909335	2	-1
1909477	1911075	2	-1
191107	192813	2	1
1911072	1912613	2	-1
1912909	1913484	2	1
1913498	1914025	2	1
1914035	1915612	2	1
1915609	1916604	2	1
1916607	1917215	2	1
1917208	1917888	2	1
1917891	1918157	2	1
1918294	1918830	2	1
1919254	1919823	2	1
1919890	1920153	2	1
1922783	1923283	2	-1
1925889	1927112	2	-1
192915	193223	2	-1
193220	193951	2	-1
19455	20561	2	-1
194845	195099	2	1
195148	195936	2	-1
196042	196971	2	-1
197091	198416	2	-1
198572	198757	2	1
199539	200333	2	1
204495	205466	2	-1
20558	21415	2	-1
205664	206071	2	-1
206484	209048	2	1
209062	209385	2	1
209573	210421	2	1
210595	211365	2	1
211362	211802	2	-1
211922	212410	2	1
214252	215001	2	1
215057	215248	2	-1
215411	215785	2	1
21579	23300	2	-1
215840	217000	2	-1
217176	217610	2	-1
217779	218873	2	1
218917	220242	2	-1
220252	221811	2	-1
222065	223327	2	-1
223502	224332	2	-1
224373	225254	2	-1
225884	228208	2	1
228312	230015	2	-1
230078	230263	2	-1
230441	230749	2	1
230822	231241	2	1
231252	231707	2	1
235042	236097	2	1
236150	237022	2	-1
237332	239452	2	1
239533	240003	2	1
240100	241491	2	-1
2426	3310	2	-1
242662	243849	2	1
243862	244536	2	1
244602	245138	2	-1
245385	246836	2	1
246896	247657	2	1
247660	248346	2	1
248346	249455	2	1
249530	249967	2	-1
250417	251376	2	1
251486	252748	2	-1
25225	26061	2	-1
252993	253349	2	1
253424	253705	2	1
254144	255700	2	1
255710	257086	2	1
257243	258697	2	1
258672	259340	2	1
259347	260228	2	1
260288	261415	2	1
26224	27768	2	1
262490	262882	2	1
262959	263180	2	-1
263541	263762	2	-1
264169	264321	2	1
264988	265299	2	-1
265304	265684	2	-1
265799	266788	2	-1
266938	267546	2	-1
270498	271385	2	-1
271970	272989	2	-1
273055	274932	2	-1
275264	276019	2	1
276019	276702	2	1
276699	277634	2	1
277659	279092	2	-1
279436	281892	2	-1
27951	28745	2	1
281892	282584	2	-1
282688	283185	2	1
283268	284467	2	1
284657	286579	2	1
286703	288358	2	1
28820	31168	2	-1
288405	289061	2	-1
289095	289934	2	-1
290196	290792	2	1
290754	291086	2	-1
291097	291348	2	-1
291355	293052	2	-1
293132	293365	2	-1
293378	293806	2	-1
293977	294765	2	1
294844	295872	2	-1
297550	299958	2	1
300255	300812	2	1
300970	301161	2	-1
301439	302458	2	-1
302982	304718	2	-1
304983	306617	2	1
306745	307230	2	-1
307457	308431	2	-1
308620	310071	2	1
310161	310730	2	-1
310727	311266	2	-1
311436	311678	2	-1
31182	31964	2	-1
311885	312517	2	1
312698	313486	2	1
313574	314827	2	-1
314895	315491	2	-1
316042	317472	2	1
317937	318605	2	-1
318961	319470	2	-1
319731	320204	2	1
320335	321639	2	1
321861	323609	2	1
323969	325183	2	1
325262	328429	2	-1
328706	329587	2	-1
329794	330942	2	1
331236	331895	2	1
332761	333558	2	1
33318	34658	2	1
333568	334386	2	1
334463	335383	2	1
336162	337115	2	1
337133	338113	2	-1
338491	339624	2	1
339634	340608	2	1
340628	342361	2	1
342509	345568	2	-1
345565	346629	2	-1
346629	347702	2	-1
34693	36210	2	1
347862	348587	2	1
3483	4352	2	1
348705	349823	2	-1
350087	350710	2	-1
351102	352397	2	1
352434	352814	2	1
352927	355791	2	1
356156	356659	2	1
356690	357037	2	1
357063	357254	2	1
357423	357686	2	-1
357927	358541	2	-1
358684	359259	2	1
359261	359671	2	1
359767	360510	2	-1
360923	362494	2	-1
362950	363948	2	1
36316	37572	2	1
364385	365164	2	1
365271	366224	2	-1
367043	368296	2	1
368739	369668	2	-1
369824	370111	2	1
370177	371229	2	-1
371612	372073	2	1
372163	372636	2	1
372701	374053	2	-1
374126	374752	2	-1
374859	375179	2	-1
375849	376943	2	1
376936	377919	2	1
37747	38409	2	-1
377916	379064	2	1
379267	380928	2	1
381022	383850	2	1
383940	384719	2	-1
38466	39467	2	-1
385050	386093	2	1
386104	386577	2	1
386641	387603	2	-1
387608	388297	2	-1
388602	390338	2	1
390335	392341	2	1
392355	393668	2	1
393665	393910	2	1
393972	396386	2	1
396404	397225	2	-1
39642	40901	2	1
397218	398270	2	-1
398267	400459	2	-1
400720	403437	2	1
403430	404002	2	-1
404355	406145	2	1
406269	406691	2	1
406813	406998	2	1
407357	408868	2	1
409004	411133	2	-1
41063	42508	2	1
412104	413873	2	-1
413989	416091	2	-1
416341	417420	2	1
417622	418218	2	-1
418496	418987	2	1
419102	420040	2	-1
420322	420801	2	-1
420900	421814	2	1
422365	423426	2	-1
423580	424542	2	1
424550	425479	2	1
425609	426562	2	1
42619	43494	2	1
427121	427600	2	-1
427991	429310	2	-1
429473	430354	2	1
430544	431626	2	-1
432571	436347	2	-1
43505	45001	2	1
437658	438251	2	-1
438372	438842	2	-1
438986	439876	2	1
439912	440442	2	1
440527	441954	2	-1
442268	442936	2	-1
442933	443622	2	-1
443624	444355	2	-1
444456	445199	2	-1
445595	446980	2	-1
447861	450035	2	1
450127	450777	2	-1
450789	451790	2	-1
451955	453076	2	-1
45213	46415	2	-1
453076	453900	2	-1
454223	455131	2	1
455139	456470	2	1
456558	457163	2	-1
457329	458372	2	1
458436	459173	2	-1
459170	460906	2	-1
461008	462609	2	-1
462719	463708	2	-1
463778	465238	2	-1
4648	5487	2	1
465314	465718	2	-1
465868	466758	2	1
46651	47577	2	-1
467028	467897	2	-1
467906	468217	2	-1
468217	468819	2	-1
468809	470845	2	-1
470851	471732	2	-1
472317	473075	2	-1
473274	474176	2	-1
474206	475351	2	-1
475360	476145	2	-1
476186	477340	2	-1
477361	478857	2	-1
47738	48466	2	1
478887	480098	2	-1
480369	480758	2	1
480786	481955	2	1
481981	483585	2	1
483643	484488	2	1
484485	485387	2	1
48509	48991	2	-1
485417	485962	2	-1
486000	486878	2	-1
487126	488439	2	-1
488714	489907	2	-1
490269	491807	2	1
491887	493806	2	-1
49215	50879	2	1
494490	495614	2	-1
495630	496277	2	-1
496364	497818	2	-1
497860	499608	2	-1
499882	500598	2	-1
501020	501316	2	-1
501307	501594	2	-1
501587	502063	2	-1
502060	503556	2	-1
503553	503909	2	-1
503909	506575	2	-1
507076	508011	2	-1
508389	510389	2	1
510466	510819	2	-1
511046	511873	2	1
511934	512614	2	-1
513112	514392	2	1
51313	52077	2	1
514503	515621	2	1
515973	516986	2	-1
517116	517349	2	-1
517389	517646	2	-1
517677	518282	2	-1
518364	519101	2	-1
519331	519669	2	-1
521340	523562	2	-1
524041	524712	2	1
524844	526292	2	-1
52612	52914	2	1
526431	527933	2	-1
528097	528531	2	-1
528558	529841	2	-1
530172	531557	2	-1
531650	532846	2	-1
53294	54175	2	-1
533338	534810	2	1
535571	536359	2	-1
536437	536838	2	-1
537178	537906	2	1
537983	539092	2	1
539147	539542	2	1
539845	540492	2	1
540661	541890	2	1
542390	543853	2	1
544173	545063	2	1
54495	54935	2	1
545259	546164	2	-1
546750	547655	2	-1
548108	548593	2	1
548707	549297	2	-1
549466	550413	2	-1
550430	550756	2	-1
550861	551184	2	-1
551196	551624	2	-1
551665	552849	2	-1
553538	554932	2	-1
555187	555816	2	-1
556230	557357	2	-1
55680	56858	2	-1
557502	558440	2	-1
558582	560000	2	-1
5592	7502	2	1
560003	561559	2	-1
561683	562942	2	-1
562953	564506	2	-1
565011	566201	2	-1
566445	567314	2	1
567332	568192	2	1
568349	568843	2	-1
56872	57084	2	-1
569014	569694	2	1
569672	571057	2	1
571160	571654	2	-1
571694	573178	2	-1
574377	574814	2	-1
575744	576538	2	1
576791	578089	2	-1
578091	578594	2	-1
578604	579590	2	-1
579942	581069	2	-1
58113	58631	2	1
581646	582095	2	-1
582367	583266	2	-1
583388	584251	2	-1
584647	585657	2	-1
585647	586705	2	-1
587120	589651	2	-1
589720	590319	2	-1
590358	591329	2	-1
591322	592128	2	-1
592138	593211	2	-1
593595	593807	2	1
593820	594683	2	1
594696	596054	2	1
596129	597031	2	1
597044	598225	2	1
598348	599490	2	1
59932	60579	2	-1
599945	601165	2	-1
601414	602172	2	-1
602181	603230	2	-1
603387	604175	2	1
604511	605413	2	-1
605425	606765	2	-1
606781	607329	2	-1
607453	608454	2	-1
608569	610020	2	-1
610070	610495	2	-1
610762	611565	2	-1
611602	612636	2	-1
612702	614513	2	-1
614782	615774	2	1
615767	617488	2	1
617596	618276	2	-1
618336	619610	2	-1
61895	64243	2	-1
619726	621186	2	-1
621196	622563	2	-1
622798	623739	2	1
623932	624543	2	-1
624635	625132	2	-1
625147	625863	2	-1
626271	626750	2	-1
626783	627949	2	-1
627949	628842	2	-1
629209	629838	2	-1
630264	631175	2	1
631321	632481	2	-1
632692	633744	2	-1
633800	634810	2	-1
635293	636336	2	-1
636741	637787	2	1
637906	639285	2	-1
639301	640167	2	-1
640234	640902	2	-1
640895	643912	2	-1
643925	644209	2	-1
644223	645476	2	-1
645518	646780	2	-1
647213	648340	2	-1
64744	65163	2	1
648655	649914	2	1
650030	651301	2	-1
651407	651844	2	-1
651846	653168	2	-1
65187	66692	2	1
653165	653743	2	-1
653848	654882	2	-1
655206	656645	2	-1
656799	657731	2	1
657930	658109	2	-1
658816	659160	2	1
659391	659975	2	-1
660128	660388	2	-1
660864	661799	2	-1
662419	663381	2	1
663826	667221	2	-1
66689	67672	2	1
668169	668876	2	-1
669071	669562	2	-1
669666	670517	2	-1
670517	672013	2	-1
672000	672749	2	-1
672803	673069	2	-1
673062	673703	2	-1
673756	674025	2	-1
674030	674434	2	-1
674431	675816	2	-1
676104	676973	2	1
677381	677623	2	-1
67752	68630	2	1
677748	679355	2	-1
679600	680394	2	-1
680384	681622	2	-1
681632	683587	2	-1
683597	685660	2	-1
685743	686276	2	-1
686347	687324	2	-1
687499	688632	2	-1
68820	69743	2	1
689332	690441	2	-1
690904	692046	2	-1
692347	693318	2	-1
693765	694919	2	1
695162	695815	2	-1
696054	697508	2	1
697558	699024	2	-1
69756	70763	2	1
699387	700121	2	1
700128	700970	2	1
701049	702338	2	-1
702525	703511	2	-1
703684	704322	2	-1
704529	704777	2	1
704948	706171	2	1
706250	706465	2	-1
706582	706890	2	1
706909	707259	2	-1
707459	709228	2	1
709296	709634	2	-1
709624	710418	2	-1
710641	712614	2	1
712691	713266	2	-1
71277	71663	2	-1
713590	714468	2	1
714644	715534	2	1
715554	716498	2	-1
716764	717414	2	1
717745	718893	2	1
719039	720115	2	1
71976	72227	2	-1
720182	720805	2	1
720876	721352	2	-1
721569	723569	2	-1
723714	724922	2	-1
724915	725628	2	-1
725628	726863	2	-1
726853	728082	2	-1
728115	728861	2	-1
729699	729908	2	1
729998	730543	2	1
730530	731072	2	1
731183	731542	2	1
731626	732249	2	-1
732525	733157	2	1
733171	733644	2	1
733707	734615	2	-1
734608	735627	2	-1
735637	736173	2	-1
73578	75731	2	-1
736170	736937	2	-1
736936	737172	2	1
737187	738071	2	-1
738120	738662	2	-1
738678	740318	2	-1
740315	741478	2	-1
741792	743486	2	1
743559	744191	2	-1
744436	745263	2	1
745347	746060	2	1
746057	746368	2	1
746365	746979	2	-1
747331	748302	2	1
748881	749495	2	1
749887	750234	2	-1
750499	751386	2	1
751629	753449	2	1
7528	8997	2	1
753525	754808	2	-1
754929	755561	2	-1
755945	756277	2	1
756494	757165	2	1
757715	759079	2	1
759505	761376	2	1
76120	78189	2	1
761443	761799	2	-1
762033	763190	2	-1
763870	764178	2	-1
764317	764646	2	1
764712	765458	2	1
765483	767240	2	-1
767702	768109	2	1
768187	769242	2	1
769350	770141	2	1
770473	771420	2	1
771425	772351	2	1
772348	773448	2	1
773474	773845	2	-1
774069	778337	2	-1
779145	780536	2	1
780539	782254	2	1
782257	785397	2	1
78267	78722	2	-1
785462	786028	2	1
786101	787435	2	-1
787647	788498	2	1
78794	79798	2	-1
788799	789857	2	1
790344	790883	2	1
790984	792108	2	-1
792687	793112	2	1
793402	794019	2	1
794016	795971	2	1
796055	796348	2	-1
796738	799185	2	1
799442	800446	2	1
79960	82911	2	1
800539	801891	2	-1
802584	803741	2	-1
803911	805035	2	1
805115	806908	2	-1
807039	808313	2	-1
808353	809780	2	-1
809989	811005	2	1
811066	811692	2	1
811682	813007	2	1
813056	813292	2	-1
813302	814303	2	-1
814602	814781	2	1
814910	817000	2	1
817070	818149	2	-1
819214	820218	2	1
820218	821192	2	1
821203	822060	2	1
822147	822992	2	-1
823128	823871	2	-1
824133	825233	2	-1
825363	826244	2	-1
826745	827947	2	1
828371	829297	2	1
829442	829783	2	-1
82959	83150	2	-1
830279	831910	2	1
83169	85529	2	-1
832036	832551	2	-1
832593	832799	2	-1
833121	833465	2	-1
833538	833816	2	-1
834071	834985	2	1
835055	835576	2	-1
835730	836191	2	-1
836702	837001	2	1
837147	837746	2	1
837812	838918	2	-1
839111	839719	2	1
839824	840306	2	-1
840321	840854	2	-1
841071	841901	2	1
841977	843794	2	-1
843993	844157	2	1
844316	845344	2	1
845431	846336	2	-1
846524	847453	2	1
847672	848286	2	1
848410	849867	2	-1
850319	851680	2	-1
852091	853851	2	1
854112	854729	2	-1
854819	855757	2	-1
855815	856729	2	-1
856861	857790	2	1
85822	86709	2	-1
859265	860053	2	-1
860152	861060	2	1
861413	862981	2	1
863121	863543	2	1
863620	864423	2	-1
864454	865956	2	-1
866141	867172	2	1
867409	868353	2	-1
868350	869039	2	-1
86850	88367	2	1
869036	869767	2	-1
870063	871037	2	1
871099	871668	2	1
871665	872969	2	1
872986	873510	2	1
873698	874840	2	-1
875458	876651	2	-1
876666	877268	2	-1
877496	877960	2	-1
878114	879142	2	-1
879515	879955	2	-1
879960	881762	2	-1
881949	882821	2	-1
882985	883563	2	-1
883575	884936	2	-1
88470	89762	2	1
884936	885700	2	-1
885690	886988	2	-1
887007	888404	2	-1
888386	889564	2	-1
889564	890280	2	-1
890309	891208	2	-1
891631	893268	2	-1
893798	894910	2	1
894947	897376	2	1
897533	898018	2	1
89772	90755	2	1
898169	898423	2	1
898862	899752	2	-1
899765	901339	2	-1
901419	902597	2	-1
903268	904386	2	1
904848	906248	2	1
906259	907473	2	1
907486	908019	2	1
90767	91729	2	1
908035	910215	2	1
910193	911011	2	1
911012	912058	2	1
912036	913274	2	1
913271	914104	2	1
914101	915132	2	1
915142	916449	2	1
916452	916841	2	1
916959	917285	2	1
91730	92272	2	1
917319	917918	2	1
918063	919097	2	1
9185	10729	2	-1
919112	919729	2	1
920409	921284	2	-1
921499	922149	2	1
922428	922880	2	1
92265	93347	2	1
923013	923363	2	-1
923360	924676	2	-1
924689	926113	2	-1
926270	927694	2	-1
927696	928883	2	-1
929205	930941	2	1
931046	931996	2	-1
932247	934073	2	-1
93340	95070	2	1
934219	936315	2	1
936368	937153	2	1
937144	938073	2	1
938070	940037	2	1
940107	940952	2	-1
941127	942395	2	-1
942439	944160	2	-1
944237	944809	2	-1
945047	945691	2	-1
945937	946605	2	-1
946789	946989	2	-1
947236	948192	2	1
948208	949134	2	1
949163	949639	2	1
949632	950636	2	1
950629	952509	2	1
95067	96371	2	1
952514	954160	2	1
954235	954984	2	-1
955045	955908	2	-1
955931	956863	2	-1
956964	957785	2	-1
958134	959777	2	1
959865	961196	2	-1
961753	961998	2	1
962020	962946	2	-1
962953	964368	2	-1
96422	96847	2	1
964378	965193	2	-1
965183	966133	2	-1
966532	967242	2	1
967304	968773	2	1
968921	970405	2	1
96957	97862	2	1
970389	971972	2	1
972376	972753	2	1
972753	973886	2	1
974113	974661	2	1
974768	975949	2	-1
976042	976896	2	-1
976896	977666	2	-1
978055	978555	2	1
978582	979559	2	-1
97880	99502	2	-1
979568	979843	2	-1
979964	980707	2	1
980823	983183	2	-1
983379	983876	2	1
984107	986140	2	-1
986307	987206	2	-1
987370	989061	2	1
989361	990503	2	1
990618	990965	2	-1
991192	992295	2	1
992356	993075	2	-1
993421	993858	2	1
993936	994154	2	-1
994709	994909	2	1
995044	996084	2	-1
99584	100816	2	-1
996244	997437	2	-1
997650	999974	2	-1
999974	1000903	2	-1